{
    "animation": [
        {
            "name": "Root",
            "time": [6.3833, 0.0],
            "transform": [
                [0.344356, 0.0, 0.938839, -5e-06, 0.938839, 0.0, -0.344356, 0.000946, 0.0, 1.0, 0.0, 0.714865, 0.0, 0.0, 0.0, 1.0],
                [0.344356, 0.0, 0.938839, -5e-06, 0.938839, 0.0, -0.344356, 0.000946, 0.0, 1.0, 0.0, 0.714865, 0.0, 0.0, 0.0, 1.0]
            ]
        },
        {
            "name": "Thigh_R",
            "time": [6.3833, 0.0],
            "transform": [
                [0.559657, 0.450989, 0.695232, 0.139893, 0.12557, -0.875417, 0.466763, -0.002831, 0.819156, -0.173926, -0.546544, 0.04061, 0.0, 0.0, 0.0, 1.0],
                [0.559657, 0.450989, 0.695232, 0.139893, 0.12557, -0.875417, 0.466763, -0.002831, 0.819156, -0.173926, -0.546544, 0.04061, 0.0, 0.0, 0.0, 1.0]
            ]
        },
        {
            "name": "Leg_R",
            "time": [6.3833, 0.0],
            "transform": [
                [0.999999, -0.0006, -0.000251, 0.0, 0.00065, 0.900857, 0.434101, 0.375166, -3.4e-05, -0.434123, 0.900863, 0.0, 0.0, 0.0, 0.0, 1.0],
                [0.999999, -0.0006, -0.000251, 0.0, 0.00065, 0.900857, 0.434101, 0.375166, -3.4e-05, -0.434123, 0.900863, 0.0, 0.0, 0.0, 0.0, 1.0]
            ]
        },
        {
            "name": "Knee_R",
            "time": [6.3833, 0.0],
            "transform": [
                [1.0, -5.7e-05, 5.4e-05, 0.0, 5.7e-05, 0.048757, -0.998811, 0.375166, 5.4e-05, 0.998811, 0.048757, 0.0, 0.0, 0.0, 0.0, 1.0],
                [1.0, -5.7e-05, 5.4e-05, 0.0, 5.7e-05, 0.048757, -0.998811, 0.375166, 5.4e-05, 0.998811, 0.048757, 0.0, 0.0, 0.0, 0.0, 1.0]
            ]
        },
        {
            "name": "Thigh_L",
            "time": [4.45, 4.4667, 4.4833, 4.5, 4.5167, 4.5333, 4.55, 4.5667, 4.5833, 4.6, 4.6167, 4.6333, 4.65, 4.6667, 4.6833, 4.7, 4.7167, 4.7333, 4.75, 4.7667, 4.7833, 4.8, 4.8167, 4.8333, 4.85, 4.8667, 4.8833, 4.9, 4.9167, 4.9333, 4.95, 4.9667, 4.9833, 5.0, 5.0167, 5.0333, 5.05, 5.0667, 5.0833, 5.1, 5.1167, 5.1333, 5.15, 5.1667, 5.1833, 5.2, 5.2167, 5.2333, 5.25, 5.2667, 5.2833, 5.3, 5.3167, 5.3333, 5.35, 5.3667, 5.3833, 5.4, 5.4167, 5.4333, 5.45, 5.4667, 5.4833, 5.5, 5.5167, 5.5333, 5.55, 5.5667, 5.5833, 5.6, 5.6167, 5.6333, 5.65, 5.6667, 5.6833, 5.7, 5.7167, 5.7333, 5.75, 5.7667, 5.7833, 5.8, 5.8167, 5.8333, 5.85, 5.8667, 5.8833, 5.9, 5.9167, 5.9333, 5.95, 5.9667, 5.9833, 6.0, 6.0167, 6.0333, 6.05, 6.0667, 6.0833, 6.1, 6.1167, 6.1333, 6.15, 6.1667, 6.1833, 6.2, 6.2167, 6.2333, 6.25, 6.2667, 6.2833, 6.3, 6.3167, 6.3333, 6.35, 6.3667, 6.3833, 0.0],
            "transform": [
                [0.988362, -0.131731, -0.076069, -0.176635, -0.071825, -0.844958, 0.529978, -0.002831, -0.134095, -0.518347, -0.844542, -0.051786, 0.0, 0.0, 0.0, 1.0],
                [0.984002, -0.10711, -0.142357, -0.139061, -0.081058, -0.980754, 0.177617, 0.025647, -0.158649, -0.163245, -0.973701, 0.050654, 0.0, 0.0, 0.0, 1.0],
                [0.984045, -0.107751, -0.141574, -0.139315, -0.080847, -0.97966, 0.183645, 0.025455, -0.15849, -0.169279, -0.972696, 0.049962, 0.0, 0.0, 0.0, 1.0],
                [0.984095, -0.108481, -0.140664, -0.139619, -0.080608, -0.978358, 0.190563, 0.025224, -0.158299, -0.176202, -0.971497, 0.049133, 0.0, 0.0, 0.0, 1.0],
                [0.984146, -0.109198, -0.13975, -0.139934, -0.080372, -0.977019, 0.197409, 0.024985, -0.158102, -0.183056, -0.970261, 0.048274, 0.0, 0.0, 0.0, 1.0],
                [0.984197, -0.109891, -0.138846, -0.140254, -0.080144, -0.975665, 0.204084, 0.024742, -0.157901, -0.189741, -0.969009, 0.047401, 0.0, 0.0, 0.0, 1.0],
                [0.984247, -0.110558, -0.137956, -0.140578, -0.079925, -0.974304, 0.210568, 0.024497, -0.157698, -0.196234, -0.967748, 0.046517, 0.0, 0.0, 0.0, 1.0],
                [0.984297, -0.111201, -0.137081, -0.140905, -0.079713, -0.972941, 0.216859, 0.024249, -0.157493, -0.202536, -0.966482, 0.045628, 0.0, 0.0, 0.0, 1.0],
                [0.984347, -0.111818, -0.136221, -0.141233, -0.079509, -0.971577, 0.222963, 0.024001, -0.157287, -0.20865, -0.965214, 0.044732, 0.0, 0.0, 0.0, 1.0],
                [0.984396, -0.112413, -0.135376, -0.141563, -0.079313, -0.970214, 0.22889, 0.023751, -0.157081, -0.21459, -0.963944, 0.043834, 0.0, 0.0, 0.0, 1.0],
                [0.984444, -0.112986, -0.134545, -0.141894, -0.079124, -0.968852, 0.23465, 0.0235, -0.156873, -0.220362, -0.962675, 0.042931, 0.0, 0.0, 0.0, 1.0],
                [0.984492, -0.113539, -0.133727, -0.142226, -0.078941, -0.967493, 0.240252, 0.023248, -0.156665, -0.225978, -0.961406, 0.042026, 0.0, 0.0, 0.0, 1.0],
                [0.984539, -0.114072, -0.132922, -0.142558, -0.078765, -0.966136, 0.245707, 0.022996, -0.156456, -0.231447, -0.960139, 0.041119, 0.0, 0.0, 0.0, 1.0],
                [0.984586, -0.114588, -0.132129, -0.142892, -0.078594, -0.964783, 0.251023, 0.022744, -0.156246, -0.236778, -0.958872, 0.04021, 0.0, 0.0, 0.0, 1.0],
                [0.984633, -0.115086, -0.131347, -0.143226, -0.078428, -0.963432, 0.256208, 0.02249, -0.156036, -0.241978, -0.957607, 0.0393, 0.0, 0.0, 0.0, 1.0],
                [0.984679, -0.115569, -0.130575, -0.14356, -0.078268, -0.962085, 0.26127, 0.022237, -0.155826, -0.247055, -0.956344, 0.038387, 0.0, 0.0, 0.0, 1.0],
                [0.984724, -0.116036, -0.129814, -0.143895, -0.078112, -0.960741, 0.266216, 0.021983, -0.155615, -0.252017, -0.955083, 0.037474, 0.0, 0.0, 0.0, 1.0],
                [0.98477, -0.116488, -0.129063, -0.144231, -0.077961, -0.9594, 0.271051, 0.021729, -0.155404, -0.256869, -0.953824, 0.036559, 0.0, 0.0, 0.0, 1.0],
                [0.984815, -0.116928, -0.12832, -0.144567, -0.077814, -0.958063, 0.275782, 0.021474, -0.155192, -0.261617, -0.952567, 0.035644, 0.0, 0.0, 0.0, 1.0],
                [0.984859, -0.117353, -0.127587, -0.144903, -0.077671, -0.956729, 0.280414, 0.021219, -0.15498, -0.266266, -0.951313, 0.034728, 0.0, 0.0, 0.0, 1.0],
                [0.984904, -0.117767, -0.126861, -0.145239, -0.077532, -0.955398, 0.284952, 0.020964, -0.154768, -0.270822, -0.95006, 0.03381, 0.0, 0.0, 0.0, 1.0],
                [0.984948, -0.118169, -0.126144, -0.145576, -0.077397, -0.954071, 0.2894, 0.020709, -0.154555, -0.275288, -0.948811, 0.032892, 0.0, 0.0, 0.0, 1.0],
                [0.984991, -0.118559, -0.125435, -0.145913, -0.077265, -0.952747, 0.293764, 0.020454, -0.154342, -0.27967, -0.947563, 0.031974, 0.0, 0.0, 0.0, 1.0],
                [0.985035, -0.118939, -0.124732, -0.14625, -0.077137, -0.951427, 0.298045, 0.020198, -0.154129, -0.28397, -0.946318, 0.031055, 0.0, 0.0, 0.0, 1.0],
                [0.985078, -0.119308, -0.124037, -0.146587, -0.077012, -0.95011, 0.302248, 0.019943, -0.153916, -0.288193, -0.945076, 0.030135, 0.0, 0.0, 0.0, 1.0],
                [0.985121, -0.119667, -0.123348, -0.146925, -0.07689, -0.948797, 0.306377, 0.019687, -0.153702, -0.292341, -0.943835, 0.029215, 0.0, 0.0, 0.0, 1.0],
                [0.985164, -0.120017, -0.122666, -0.147262, -0.076771, -0.947487, 0.310434, 0.019431, -0.153488, -0.296418, -0.942598, 0.028294, 0.0, 0.0, 0.0, 1.0],
                [0.985206, -0.120357, -0.12199, -0.1476, -0.076654, -0.94618, 0.314423, 0.019175, -0.153274, -0.300427, -0.941363, 0.027373, 0.0, 0.0, 0.0, 1.0],
                [0.985248, -0.120689, -0.12132, -0.147938, -0.076541, -0.944876, 0.318346, 0.018919, -0.153059, -0.30437, -0.94013, 0.026452, 0.0, 0.0, 0.0, 1.0],
                [0.98529, -0.121012, -0.120655, -0.148276, -0.07643, -0.943576, 0.322205, 0.018662, -0.152845, -0.308251, -0.9389, 0.02553, 0.0, 0.0, 0.0, 1.0],
                [0.985332, -0.121327, -0.119997, -0.148615, -0.076321, -0.94228, 0.326003, 0.018406, -0.15263, -0.31207, -0.937673, 0.024608, 0.0, 0.0, 0.0, 1.0],
                [0.985373, -0.121634, -0.119343, -0.148953, -0.076215, -0.940986, 0.329743, 0.01815, -0.152415, -0.31583, -0.936448, 0.023686, 0.0, 0.0, 0.0, 1.0],
                [0.985415, -0.121933, -0.118695, -0.149291, -0.076111, -0.939696, 0.333426, 0.017893, -0.152199, -0.319535, -0.935225, 0.022763, 0.0, 0.0, 0.0, 1.0],
                [0.985456, -0.122225, -0.118052, -0.14963, -0.07601, -0.938409, 0.337053, 0.017637, -0.151984, -0.323185, -0.934005, 0.02184, 0.0, 0.0, 0.0, 1.0],
                [0.985497, -0.122509, -0.117413, -0.149968, -0.07591, -0.937125, 0.340629, 0.01738, -0.151768, -0.326782, -0.932788, 0.020917, 0.0, 0.0, 0.0, 1.0],
                [0.985538, -0.122787, -0.11678, -0.150307, -0.075813, -0.935844, 0.344153, 0.017124, -0.151552, -0.330328, -0.931573, 0.019994, 0.0, 0.0, 0.0, 1.0],
                [0.985578, -0.123058, -0.116151, -0.150645, -0.075718, -0.934567, 0.347627, 0.016867, -0.151336, -0.333825, -0.930361, 0.019071, 0.0, 0.0, 0.0, 1.0],
                [0.985618, -0.123322, -0.115526, -0.150984, -0.075624, -0.933293, 0.351054, 0.01661, -0.151119, -0.337275, -0.929151, 0.018148, 0.0, 0.0, 0.0, 1.0],
                [0.985659, -0.12358, -0.114906, -0.151323, -0.075533, -0.932022, 0.354434, 0.016354, -0.150902, -0.340678, -0.927944, 0.017224, 0.0, 0.0, 0.0, 1.0],
                [0.985699, -0.123832, -0.11429, -0.151661, -0.075443, -0.930754, 0.357769, 0.016097, -0.150686, -0.344036, -0.92674, 0.016301, 0.0, 0.0, 0.0, 1.0],
                [0.985739, -0.124077, -0.113678, -0.152, -0.075355, -0.929489, 0.36106, 0.01584, -0.150468, -0.347351, -0.925538, 0.015377, 0.0, 0.0, 0.0, 1.0],
                [0.985778, -0.124317, -0.11307, -0.152339, -0.075269, -0.928228, 0.364309, 0.015583, -0.150251, -0.350623, -0.924339, 0.014454, 0.0, 0.0, 0.0, 1.0],
                [0.985818, -0.124551, -0.112466, -0.152678, -0.075185, -0.926969, 0.367517, 0.015327, -0.150034, -0.353855, -0.923142, 0.01353, 0.0, 0.0, 0.0, 1.0],
                [0.985857, -0.124779, -0.111866, -0.153016, -0.075102, -0.925714, 0.370684, 0.01507, -0.149816, -0.357046, -0.921948, 0.012606, 0.0, 0.0, 0.0, 1.0],
                [0.985896, -0.125002, -0.11127, -0.153355, -0.075021, -0.924461, 0.373813, 0.014813, -0.149598, -0.360199, -0.920756, 0.011683, 0.0, 0.0, 0.0, 1.0],
                [0.985936, -0.12522, -0.110677, -0.153694, -0.074941, -0.923212, 0.376903, 0.014556, -0.14938, -0.363313, -0.919567, 0.010759, 0.0, 0.0, 0.0, 1.0],
                [0.985975, -0.125432, -0.110087, -0.154033, -0.074863, -0.921966, 0.379956, 0.0143, -0.149162, -0.366391, -0.91838, 0.009836, 0.0, 0.0, 0.0, 1.0],
                [0.986013, -0.12564, -0.109501, -0.154372, -0.074786, -0.920723, 0.382973, 0.014043, -0.148943, -0.369433, -0.917196, 0.008912, 0.0, 0.0, 0.0, 1.0],
                [0.986052, -0.125842, -0.108919, -0.15471, -0.074711, -0.919483, 0.385955, 0.013786, -0.148725, -0.37244, -0.916015, 0.007988, 0.0, 0.0, 0.0, 1.0],
                [0.986091, -0.12604, -0.108339, -0.155049, -0.074637, -0.918246, 0.388903, 0.013529, -0.148506, -0.375413, -0.914836, 0.007065, 0.0, 0.0, 0.0, 1.0],
                [0.986129, -0.126233, -0.107763, -0.155388, -0.074565, -0.917012, 0.391818, 0.013273, -0.148287, -0.378353, -0.91366, 0.006142, 0.0, 0.0, 0.0, 1.0],
                [0.986167, -0.126421, -0.107191, -0.155726, -0.074494, -0.915782, 0.394699, 0.013016, -0.148068, -0.381259, -0.912486, 0.005218, 0.0, 0.0, 0.0, 1.0],
                [0.986206, -0.126605, -0.106621, -0.156065, -0.074424, -0.914554, 0.397549, 0.012759, -0.147848, -0.384135, -0.911316, 0.004295, 0.0, 0.0, 0.0, 1.0],
                [0.986244, -0.126785, -0.106054, -0.156404, -0.074355, -0.913329, 0.400367, 0.012503, -0.147629, -0.386979, -0.910147, 0.003372, 0.0, 0.0, 0.0, 1.0],
                [0.986282, -0.12696, -0.10549, -0.156742, -0.074288, -0.912107, 0.403155, 0.012246, -0.147409, -0.389792, -0.908981, 0.002449, 0.0, 0.0, 0.0, 1.0],
                [0.986319, -0.12713, -0.10493, -0.157081, -0.074222, -0.910889, 0.405913, 0.01199, -0.147189, -0.392576, -0.907818, 0.001526, 0.0, 0.0, 0.0, 1.0],
                [0.986357, -0.127297, -0.104372, -0.157419, -0.074157, -0.909673, 0.408642, 0.011733, -0.146969, -0.395331, -0.906658, 0.000604, 0.0, 0.0, 0.0, 1.0],
                [0.986395, -0.12746, -0.103817, -0.157757, -0.074093, -0.90846, 0.411342, 0.011477, -0.146749, -0.398058, -0.905499, -0.000319, 0.0, 0.0, 0.0, 1.0],
                [0.986432, -0.127618, -0.103264, -0.158096, -0.07403, -0.907251, 0.414014, 0.01122, -0.146529, -0.400756, -0.904344, -0.001241, 0.0, 0.0, 0.0, 1.0],
                [0.98647, -0.127773, -0.102715, -0.158434, -0.073969, -0.906044, 0.416658, 0.010964, -0.146308, -0.403428, -0.903192, -0.002163, 0.0, 0.0, 0.0, 1.0],
                [0.986507, -0.127924, -0.102168, -0.158772, -0.073908, -0.904841, 0.419276, 0.010708, -0.146087, -0.406072, -0.902041, -0.003085, 0.0, 0.0, 0.0, 1.0],
                [0.986544, -0.128071, -0.101624, -0.15911, -0.073849, -0.903641, 0.421867, 0.010452, -0.145867, -0.40869, -0.900894, -0.004006, 0.0, 0.0, 0.0, 1.0],
                [0.986581, -0.128214, -0.101082, -0.159448, -0.07379, -0.902443, 0.424433, 0.010195, -0.145646, -0.411283, -0.899749, -0.004928, 0.0, 0.0, 0.0, 1.0],
                [0.986618, -0.128354, -0.100544, -0.159786, -0.073733, -0.901249, 0.426973, 0.009939, -0.145424, -0.41385, -0.898607, -0.005849, 0.0, 0.0, 0.0, 1.0],
                [0.986655, -0.12849, -0.100007, -0.160123, -0.073677, -0.900057, 0.429488, 0.009683, -0.145203, -0.416392, -0.897468, -0.006769, 0.0, 0.0, 0.0, 1.0],
                [0.986691, -0.128622, -0.099473, -0.160461, -0.073621, -0.898869, 0.431979, 0.009428, -0.144982, -0.41891, -0.896331, -0.00769, 0.0, 0.0, 0.0, 1.0],
                [0.986728, -0.128751, -0.098942, -0.160799, -0.073567, -0.897684, 0.434445, 0.009172, -0.14476, -0.421404, -0.895197, -0.00861, 0.0, 0.0, 0.0, 1.0],
                [0.986764, -0.128877, -0.098413, -0.161136, -0.073513, -0.896502, 0.436888, 0.008916, -0.144538, -0.423875, -0.894066, -0.00953, 0.0, 0.0, 0.0, 1.0],
                [0.986801, -0.129, -0.097886, -0.161473, -0.073461, -0.895323, 0.439308, 0.00866, -0.144316, -0.426322, -0.892937, -0.01045, 0.0, 0.0, 0.0, 1.0],
                [0.986837, -0.129119, -0.097362, -0.16181, -0.073409, -0.894147, 0.441705, 0.008405, -0.144094, -0.428747, -0.891812, -0.011369, 0.0, 0.0, 0.0, 1.0],
                [0.986873, -0.129234, -0.09684, -0.162147, -0.073358, -0.892974, 0.444079, 0.00815, -0.143872, -0.43115, -0.890689, -0.012287, 0.0, 0.0, 0.0, 1.0],
                [0.986909, -0.129347, -0.096321, -0.162484, -0.073308, -0.891805, 0.446432, 0.007894, -0.14365, -0.43353, -0.889568, -0.013206, 0.0, 0.0, 0.0, 1.0],
                [0.986945, -0.129457, -0.095803, -0.162821, -0.073259, -0.890638, 0.448762, 0.007639, -0.143427, -0.435889, -0.888451, -0.014124, 0.0, 0.0, 0.0, 1.0],
                [0.986981, -0.129563, -0.095288, -0.163157, -0.073211, -0.889475, 0.451072, 0.007384, -0.143205, -0.438227, -0.887336, -0.015041, 0.0, 0.0, 0.0, 1.0],
                [0.987017, -0.129666, -0.094776, -0.163494, -0.073164, -0.888315, 0.45336, 0.007129, -0.142982, -0.440543, -0.886224, -0.015958, 0.0, 0.0, 0.0, 1.0],
                [0.987053, -0.129767, -0.094265, -0.16383, -0.073117, -0.887158, 0.455627, 0.006874, -0.14276, -0.442839, -0.885115, -0.016875, 0.0, 0.0, 0.0, 1.0],
                [0.987088, -0.129864, -0.093757, -0.164166, -0.073072, -0.886004, 0.457874, 0.00662, -0.142537, -0.445114, -0.884009, -0.017791, 0.0, 0.0, 0.0, 1.0],
                [0.987124, -0.129958, -0.093251, -0.164502, -0.073027, -0.884854, 0.4601, 0.006365, -0.142314, -0.44737, -0.882906, -0.018706, 0.0, 0.0, 0.0, 1.0],
                [0.987159, -0.13005, -0.092748, -0.164837, -0.072982, -0.883706, 0.462307, 0.006111, -0.142091, -0.449605, -0.881806, -0.019621, 0.0, 0.0, 0.0, 1.0],
                [0.987194, -0.130139, -0.092246, -0.165173, -0.072939, -0.882562, 0.464494, 0.005857, -0.141868, -0.451821, -0.880708, -0.020536, 0.0, 0.0, 0.0, 1.0],
                [0.98723, -0.130225, -0.091747, -0.165508, -0.072896, -0.881422, 0.466662, 0.005603, -0.141644, -0.454017, -0.879614, -0.021449, 0.0, 0.0, 0.0, 1.0],
                [0.987265, -0.130308, -0.091249, -0.165843, -0.072854, -0.880284, 0.46881, 0.005349, -0.141421, -0.456195, -0.878523, -0.022362, 0.0, 0.0, 0.0, 1.0],
                [0.9873, -0.130389, -0.090754, -0.166177, -0.072813, -0.87915, 0.47094, 0.005095, -0.141198, -0.458353, -0.877434, -0.023275, 0.0, 0.0, 0.0, 1.0],
                [0.987335, -0.130466, -0.090261, -0.166512, -0.072773, -0.87802, 0.47305, 0.004842, -0.140974, -0.460493, -0.876349, -0.024186, 0.0, 0.0, 0.0, 1.0],
                [0.98737, -0.130542, -0.08977, -0.166846, -0.072733, -0.876892, 0.475142, 0.004589, -0.140751, -0.462615, -0.875267, -0.025097, 0.0, 0.0, 0.0, 1.0],
                [0.987404, -0.130614, -0.089282, -0.167179, -0.072694, -0.875769, 0.477216, 0.004336, -0.140527, -0.464718, -0.874189, -0.026007, 0.0, 0.0, 0.0, 1.0],
                [0.987439, -0.130684, -0.088795, -0.167513, -0.072656, -0.874649, 0.479272, 0.004083, -0.140304, -0.466803, -0.873113, -0.026916, 0.0, 0.0, 0.0, 1.0],
                [0.987473, -0.130752, -0.088311, -0.167846, -0.072618, -0.873532, 0.481309, 0.00383, -0.14008, -0.46887, -0.872041, -0.027824, 0.0, 0.0, 0.0, 1.0],
                [0.987508, -0.130817, -0.087829, -0.168179, -0.072581, -0.872419, 0.483329, 0.003578, -0.139857, -0.470919, -0.870972, -0.028731, 0.0, 0.0, 0.0, 1.0],
                [0.987542, -0.130879, -0.087349, -0.168511, -0.072545, -0.87131, 0.485331, 0.003326, -0.139633, -0.47295, -0.869906, -0.029638, 0.0, 0.0, 0.0, 1.0],
                [0.987576, -0.130939, -0.086871, -0.168843, -0.072509, -0.870205, 0.487315, 0.003075, -0.13941, -0.474964, -0.868844, -0.030543, 0.0, 0.0, 0.0, 1.0],
                [0.98761, -0.130997, -0.086395, -0.169175, -0.072474, -0.869103, 0.489282, 0.002823, -0.139187, -0.476961, -0.867786, -0.031447, 0.0, 0.0, 0.0, 1.0],
                [0.987644, -0.131052, -0.085921, -0.169506, -0.072439, -0.868006, 0.491231, 0.002573, -0.138963, -0.47894, -0.866731, -0.032349, 0.0, 0.0, 0.0, 1.0],
                [0.987678, -0.131105, -0.08545, -0.169836, -0.072405, -0.866913, 0.493163, 0.002322, -0.13874, -0.480902, -0.86568, -0.03325, 0.0, 0.0, 0.0, 1.0],
                [0.987712, -0.131156, -0.084981, -0.170166, -0.072372, -0.865823, 0.495078, 0.002072, -0.138517, -0.482847, -0.864632, -0.03415, 0.0, 0.0, 0.0, 1.0],
                [0.987746, -0.131204, -0.084514, -0.170496, -0.07234, -0.864738, 0.496976, 0.001822, -0.138294, -0.484774, -0.863589, -0.035049, 0.0, 0.0, 0.0, 1.0],
                [0.987779, -0.131251, -0.08405, -0.170825, -0.072308, -0.863658, 0.498856, 0.001573, -0.138071, -0.486684, -0.862549, -0.035945, 0.0, 0.0, 0.0, 1.0],
                [0.987813, -0.131294, -0.083588, -0.171153, -0.072276, -0.862582, 0.500718, 0.001324, -0.137849, -0.488576, -0.861515, -0.03684, 0.0, 0.0, 0.0, 1.0],
                [0.987846, -0.131336, -0.083128, -0.17148, -0.072246, -0.86151, 0.502564, 0.001076, -0.137626, -0.490452, -0.860484, -0.037733, 0.0, 0.0, 0.0, 1.0],
                [0.987879, -0.131376, -0.082671, -0.171807, -0.072215, -0.860444, 0.504391, 0.000828, -0.137404, -0.492309, -0.859458, -0.038623, 0.0, 0.0, 0.0, 1.0],
                [0.987912, -0.131413, -0.082217, -0.172133, -0.072186, -0.859383, 0.506201, 0.000581, -0.137183, -0.494149, -0.858437, -0.039511, 0.0, 0.0, 0.0, 1.0],
                [0.987945, -0.131448, -0.081765, -0.172458, -0.072157, -0.858327, 0.507994, 0.000335, -0.136962, -0.495971, -0.857421, -0.040397, 0.0, 0.0, 0.0, 1.0],
                [0.987977, -0.131481, -0.081316, -0.172781, -0.072128, -0.857277, 0.509767, 9e-05, -0.136741, -0.497775, -0.856411, -0.04128, 0.0, 0.0, 0.0, 1.0],
                [0.98801, -0.131512, -0.08087, -0.173104, -0.0721, -0.856234, 0.511522, -0.000155, -0.136521, -0.49956, -0.855406, -0.042159, 0.0, 0.0, 0.0, 1.0],
                [0.988042, -0.131541, -0.080427, -0.173425, -0.072073, -0.855197, 0.513258, -0.000398, -0.136301, -0.501325, -0.854407, -0.043035, 0.0, 0.0, 0.0, 1.0],
                [0.988074, -0.131569, -0.079987, -0.173745, -0.072047, -0.854167, 0.514973, -0.00064, -0.136083, -0.50307, -0.853416, -0.043906, 0.0, 0.0, 0.0, 1.0],
                [0.988106, -0.131594, -0.079552, -0.174062, -0.072021, -0.853145, 0.516668, -0.000881, -0.135865, -0.504795, -0.852432, -0.044773, 0.0, 0.0, 0.0, 1.0],
                [0.988138, -0.131617, -0.07912, -0.174378, -0.071995, -0.852133, 0.51834, -0.00112, -0.135649, -0.506496, -0.851456, -0.045633, 0.0, 0.0, 0.0, 1.0],
                [0.988169, -0.131638, -0.078693, -0.174691, -0.07197, -0.85113, 0.519988, -0.001358, -0.135434, -0.508173, -0.850491, -0.046487, 0.0, 0.0, 0.0, 1.0],
                [0.9882, -0.131657, -0.078271, -0.175002, -0.071946, -0.850139, 0.521609, -0.001593, -0.135221, -0.509824, -0.849536, -0.047333, 0.0, 0.0, 0.0, 1.0],
                [0.98823, -0.131674, -0.077856, -0.175308, -0.071923, -0.849163, 0.5232, -0.001825, -0.13501, -0.511443, -0.848596, -0.048168, 0.0, 0.0, 0.0, 1.0],
                [0.98826, -0.13169, -0.077449, -0.175609, -0.0719, -0.848206, 0.524754, -0.002053, -0.134803, -0.513026, -0.847673, -0.048989, 0.0, 0.0, 0.0, 1.0],
                [0.988289, -0.131703, -0.077052, -0.175903, -0.071878, -0.847272, 0.526263, -0.002276, -0.1346, -0.514562, -0.846774, -0.04979, 0.0, 0.0, 0.0, 1.0],
                [0.988317, -0.131715, -0.076671, -0.176186, -0.071857, -0.846376, 0.527706, -0.002491, -0.134405, -0.516033, -0.845909, -0.050562, 0.0, 0.0, 0.0, 1.0],
                [0.988343, -0.131725, -0.076319, -0.176448, -0.071839, -0.845546, 0.529037, -0.002689, -0.134224, -0.517388, -0.84511, -0.051277, 0.0, 0.0, 0.0, 1.0],
                [0.988362, -0.131731, -0.076069, -0.176635, -0.071825, -0.844958, 0.529978, -0.002831, -0.134095, -0.518347, -0.844542, -0.051786, 0.0, 0.0, 0.0, 1.0],
                [0.988362, -0.131731, -0.076069, -0.176635, -0.071825, -0.844958, 0.529978, -0.002831, -0.134095, -0.518347, -0.844542, -0.051786, 0.0, 0.0, 0.0, 1.0],
                [0.988362, -0.131731, -0.076069, -0.176635, -0.071825, -0.844958, 0.529978, -0.002831, -0.134095, -0.518347, -0.844542, -0.051786, 0.0, 0.0, 0.0, 1.0]
            ]
        },
        {
            "name": "Leg_L",
            "time": [6.3833, 0.0],
            "transform": [
                [0.999107, -0.037382, -0.019675, -0.0, 0.03253, 0.383661, 0.922878, 0.375166, -0.02695, -0.922719, 0.384558, -0.0, 0.0, 0.0, 0.0, 1.0],
                [0.999107, -0.037382, -0.019675, -0.0, 0.03253, 0.383661, 0.922878, 0.375166, -0.02695, -0.922719, 0.384558, -0.0, 0.0, 0.0, 0.0, 1.0]
            ]
        },
        {
            "name": "Knee_L",
            "time": [6.3833, 0.0],
            "transform": [
                [1.0, 0.0, -0.0, -0.0, -0.0, 0.048757, -0.99881, 0.375166, -0.0, 0.998811, 0.048757, -0.0, 0.0, 0.0, 0.0, 1.0],
                [1.0, 0.0, -0.0, -0.0, -0.0, 0.048757, -0.99881, 0.375166, -0.0, 0.998811, 0.048757, -0.0, 0.0, 0.0, 0.0, 1.0]
            ]
        },
        {
            "name": "Torso",
            "time": [6.3833, 0.0],
            "transform": [
                [1.0, 0.0, 0.0, 0.0, 0.0, 0.99826, -0.058959, 0.05, -0.0, 0.058959, 0.99826, 0.0, 0.0, 0.0, 0.0, 1.0],
                [1.0, 0.0, 0.0, 0.0, 0.0, 0.99826, -0.058959, 0.05, -0.0, 0.058959, 0.99826, 0.0, 0.0, 0.0, 0.0, 1.0]
            ]
        },
        {
            "name": "Chest",
            "time": [6.3833, 0.0],
            "transform": [
                [0.998146, 0.060348, 0.007944, 0.0, -0.060698, 0.977091, 0.20398, 0.300523, 0.004548, -0.204084, 0.978943, -0.0, 0.0, 0.0, 0.0, 1.0],
                [0.998146, 0.060348, 0.007944, 0.0, -0.060698, 0.977091, 0.20398, 0.300523, 0.004548, -0.204084, 0.978943, -0.0, 0.0, 0.0, 0.0, 1.0]
            ]
        },
        {
            "name": "Head",
            "time": [0.0, 0.0167, 0.0333, 0.05, 0.0667, 0.0833, 0.1, 0.1167, 0.1333, 0.15, 0.1667, 0.1833, 0.2, 0.2167, 0.2333, 0.25, 0.2667, 0.2833, 0.3, 0.3167, 0.3333, 0.35, 0.3667, 0.3833, 0.4, 0.4167, 0.4333, 0.45, 0.4667, 0.4833, 0.5, 0.5167, 0.5333, 0.55, 0.5667, 0.5833, 0.6, 0.6167, 0.6333, 0.65, 0.6667, 0.6833, 0.7, 0.7167, 0.7333, 0.75, 0.7667, 0.7833, 0.8, 0.8167, 0.8333, 0.85, 0.8667, 0.8833, 0.9, 0.9167, 0.9333, 0.95, 0.9667, 0.9833, 1.0, 1.0167, 1.0333, 1.05, 1.0667, 1.0833, 1.1, 1.1167, 1.1333, 1.15, 1.1667, 1.1833, 1.2, 1.2167, 1.2333, 1.25, 1.2667, 1.2833, 1.3, 1.3167, 1.3333, 1.35, 1.3667, 1.3833, 1.4, 1.4167, 1.4333, 1.45, 1.4667, 1.4833, 1.5, 1.5167, 1.5333, 1.55, 1.5667, 1.5833, 1.6, 1.6167, 1.6333, 1.65, 1.6667, 1.6833, 1.7, 1.7167, 1.7333, 1.75, 1.7667, 1.7833, 1.8, 1.8167, 1.8333, 1.85, 1.8667, 1.8833, 1.9, 1.9167, 1.9333, 1.95, 1.9667, 1.9833, 2.0, 2.0167, 2.0333, 2.05, 2.0667, 2.0833, 2.1, 2.1167, 2.1333, 2.15, 2.1667, 2.1833, 2.2, 2.2167, 2.2333, 2.25, 2.2667, 2.2833, 2.3, 2.3167, 2.3333, 2.35, 2.3667, 2.3833, 2.4, 2.4167, 2.4333, 2.45, 2.4667, 2.4833, 2.5, 2.5167, 2.5333, 2.55, 2.5667, 2.5833, 2.6, 2.6167, 2.6333, 2.65, 2.6667, 2.6833, 2.7, 2.7167, 2.7333, 2.75, 2.7667, 2.7833, 2.8, 2.8167, 2.8333, 2.85, 2.8667, 2.8833, 2.9, 2.9167, 2.9333, 2.95, 2.9667, 2.9833, 3.0, 3.0167, 3.0333, 3.05, 3.0667, 3.0833, 3.1, 3.1167, 3.1333, 3.15, 3.1667, 3.1833, 3.2, 3.2167, 3.2333, 3.25, 3.2667, 3.2833, 3.3, 3.3167, 3.3333, 3.35, 3.3667, 3.3833, 3.4, 3.4167, 3.4333, 3.45, 3.4667, 3.4833, 3.5, 3.5167, 3.5333, 3.55, 3.5667, 3.5833, 3.6, 3.6167, 3.6333, 3.65, 3.6667, 3.6833, 3.7, 3.7167, 3.7333, 3.75, 3.7667, 3.7833, 3.8, 3.8167, 3.8333, 3.85, 3.8667, 3.8833, 3.9, 3.9167, 3.9333, 3.95, 3.9667, 3.9833, 4.0, 4.0167, 4.0333, 4.05, 4.0667, 4.0833, 4.1, 4.1167, 4.1333, 4.15, 4.1667, 4.1833, 4.2, 4.2167, 4.2333, 4.25, 4.2667, 4.2833, 4.3, 4.3167, 4.3333, 4.35, 4.3667, 4.3833, 4.4, 4.4167, 4.4333, 4.45, 4.4667, 4.4833, 4.5, 4.5167, 4.5333, 4.55, 4.5667, 4.5833, 4.6, 4.6167, 4.6333, 4.65, 4.6667, 4.6833, 4.7, 4.7167, 4.7333, 4.75, 4.7667, 4.7833, 4.8, 4.8167, 4.8333, 4.85, 4.8667, 4.8833, 4.9, 4.9167, 4.9333, 4.95, 4.9667, 4.9833, 5.0, 5.0167, 5.0333, 5.05, 5.0667, 5.0833, 5.1, 5.1167, 5.1333, 5.15, 5.1667, 5.1833, 5.2, 5.2167, 5.2333, 5.25, 5.2667, 5.2833, 5.3, 5.3167, 5.3333, 5.35, 5.3667, 5.3833, 5.4, 5.4167, 5.4333, 5.45, 5.4667, 5.4833, 5.5, 5.5167, 5.5333, 5.55, 5.5667, 5.5833, 5.6, 5.6167, 5.6333, 5.65, 5.6667, 5.6833, 5.7, 5.7167, 5.7333, 5.75, 5.7667, 5.7833, 5.8, 5.8167, 5.8333, 5.85, 5.8667, 5.8833, 5.9, 5.9167, 5.9333, 5.95, 5.9667, 5.9833, 6.0, 6.0167, 6.0333, 6.05, 6.0667, 6.0833, 6.1, 6.1167, 6.1333, 6.15, 6.1667, 6.1833, 6.2, 6.2167, 6.2333, 6.25, 6.2667, 6.2833, 6.3, 6.3167, 6.3333, 6.35, 6.3667, 6.3833],
            "transform": [
                [0.468841, -0.098928, -0.877725, -0.0, -0.111019, 0.979228, -0.169669, 0.400392, 0.876278, 0.176991, 0.448119, 0.0, 0.0, 0.0, 0.0, 1.0],
                [0.468841, -0.098937, -0.877724, -0.0, -0.111025, 0.979225, -0.169683, 0.400392, 0.876277, 0.177004, 0.448117, 0.0, 0.0, 0.0, 0.0, 1.0],
                [0.468844, -0.098965, -0.87772, 0.0, -0.111045, 0.979215, -0.169724, 0.400392, 0.876273, 0.177041, 0.44811, -0.0, 0.0, 0.0, 0.0, 1.0],
                [0.468848, -0.099011, -0.877712, -0.0, -0.111079, 0.979199, -0.169794, 0.400392, 0.876267, 0.177102, 0.448098, 0.0, 0.0, 0.0, 0.0, 1.0],
                [0.468854, -0.099075, -0.877702, -0.0, -0.111125, 0.979177, -0.169891, 0.400392, 0.876258, 0.177189, 0.448081, 0.0, 0.0, 0.0, 0.0, 1.0],
                [0.468861, -0.099159, -0.877689, -0.0, -0.111186, 0.979148, -0.170017, 0.400392, 0.876246, 0.177301, 0.448059, 0.0, 0.0, 0.0, 0.0, 1.0],
                [0.46887, -0.099261, -0.877672, -0.0, -0.11126, 0.979114, -0.17017, 0.400392, 0.876232, 0.177437, 0.448033, 0.0, 0.0, 0.0, 0.0, 1.0],
                [0.46888, -0.099382, -0.877653, -0.0, -0.111347, 0.979072, -0.170352, 0.400392, 0.876215, 0.177599, 0.448002, 0.0, 0.0, 0.0, 0.0, 1.0],
                [0.468893, -0.099521, -0.87763, -0.0, -0.111448, 0.979024, -0.170563, 0.400392, 0.876196, 0.177786, 0.447966, 0.0, 0.0, 0.0, 0.0, 1.0],
                [0.468907, -0.09968, -0.877605, -0.0, -0.111563, 0.978969, -0.170801, 0.400392, 0.876174, 0.177998, 0.447925, 0.0, 0.0, 0.0, 0.0, 1.0],
                [0.468922, -0.099857, -0.877576, -0.0, -0.111691, 0.978908, -0.171068, 0.400392, 0.876149, 0.178235, 0.447879, 0.0, 0.0, 0.0, 0.0, 1.0],
                [0.46894, -0.100053, -0.877545, -0.0, -0.111832, 0.97884, -0.171363, 0.400392, 0.876122, 0.178497, 0.447828, 0.0, 0.0, 0.0, 0.0, 1.0],
                [0.468959, -0.100268, -0.87751, -0.0, -0.111988, 0.978766, -0.171686, 0.400392, 0.876091, 0.178784, 0.447772, 0.0, 0.0, 0.0, 0.0, 1.0],
                [0.46898, -0.100501, -0.877472, -0.0, -0.112157, 0.978685, -0.172038, 0.400392, 0.876059, 0.179097, 0.447712, 0.0, 0.0, 0.0, 0.0, 1.0],
                [0.469003, -0.100753, -0.877431, -0.0, -0.112339, 0.978597, -0.172417, 0.400392, 0.876023, 0.179434, 0.447646, 0.0, 0.0, 0.0, 0.0, 1.0],
                [0.469027, -0.101024, -0.877387, -0.0, -0.112534, 0.978503, -0.172824, 0.400392, 0.875985, 0.179795, 0.447576, 0.0, 0.0, 0.0, 0.0, 1.0],
                [0.469054, -0.101313, -0.877339, -0.0, -0.112743, 0.978402, -0.173259, 0.400392, 0.875944, 0.180182, 0.447501, 0.0, 0.0, 0.0, 0.0, 1.0],
                [0.469082, -0.10162, -0.877289, -0.0, -0.112966, 0.978294, -0.173722, 0.400392, 0.8759, 0.180593, 0.44742, 0.0, 0.0, 0.0, 0.0, 1.0],
                [0.469112, -0.101945, -0.877235, -0.0, -0.113201, 0.97818, -0.174211, 0.400392, 0.875854, 0.181028, 0.447336, 0.0, 0.0, 0.0, 0.0, 1.0],
                [0.469144, -0.102288, -0.877178, 0.0, -0.113449, 0.978059, -0.174728, 0.400392, 0.875805, 0.181487, 0.447246, 0.0, 0.0, 0.0, 0.0, 1.0],
                [0.469178, -0.102649, -0.877118, -0.0, -0.11371, 0.977931, -0.175272, 0.400392, 0.875753, 0.18197, 0.447151, 0.0, 0.0, 0.0, 0.0, 1.0],
                [0.469213, -0.103028, -0.877054, 0.0, -0.113983, 0.977797, -0.175841, 0.400392, 0.875698, 0.182476, 0.447052, -0.0, 0.0, 0.0, 0.0, 1.0],
                [0.469251, -0.103423, -0.876988, -0.0, -0.114269, 0.977657, -0.176437, 0.400392, 0.875641, 0.183005, 0.446948, 0.0, 0.0, 0.0, 0.0, 1.0],
                [0.46929, -0.103835, -0.876918, -0.0, -0.114567, 0.97751, -0.177058, 0.400392, 0.875581, 0.183557, 0.44684, 0.0, 0.0, 0.0, 0.0, 1.0],
                [0.469332, -0.104264, -0.876845, -0.0, -0.114877, 0.977356, -0.177704, 0.400392, 0.875518, 0.184131, 0.446726, 0.0, 0.0, 0.0, 0.0, 1.0],
                [0.469375, -0.10471, -0.876769, -0.0, -0.115199, 0.977196, -0.178374, 0.400392, 0.875452, 0.184727, 0.446609, 0.0, 0.0, 0.0, 0.0, 1.0],
                [0.46942, -0.105171, -0.876689, 0.0, -0.115532, 0.97703, -0.179069, 0.400392, 0.875384, 0.185344, 0.446487, -0.0, 0.0, 0.0, 0.0, 1.0],
                [0.469467, -0.105647, -0.876607, -0.0, -0.115876, 0.976857, -0.179787, 0.400392, 0.875313, 0.185982, 0.44636, 0.0, 0.0, 0.0, 0.0, 1.0],
                [0.469516, -0.106139, -0.876521, -0.0, -0.116231, 0.976678, -0.180527, 0.400392, 0.87524, 0.18664, 0.446229, 0.0, 0.0, 0.0, 0.0, 1.0],
                [0.469567, -0.106645, -0.876433, -0.0, -0.116597, 0.976493, -0.181289, 0.400392, 0.875164, 0.187317, 0.446095, 0.0, 0.0, 0.0, 0.0, 1.0],
                [0.46962, -0.107165, -0.876341, -0.0, -0.116973, 0.976303, -0.182073, 0.400392, 0.875086, 0.188013, 0.445956, 0.0, 0.0, 0.0, 0.0, 1.0],
                [0.469674, -0.107699, -0.876246, 0.0, -0.117358, 0.976106, -0.182877, 0.400392, 0.875005, 0.188728, 0.445813, -0.0, 0.0, 0.0, 0.0, 1.0],
                [0.469731, -0.108245, -0.876148, -0.0, -0.117753, 0.975904, -0.183701, 0.400392, 0.874921, 0.189459, 0.445666, -0.0, 0.0, 0.0, 0.0, 1.0],
                [0.469789, -0.108804, -0.876048, 0.0, -0.118157, 0.975696, -0.184544, 0.400392, 0.874836, 0.190208, 0.445516, -0.0, 0.0, 0.0, 0.0, 1.0],
                [0.46985, -0.109375, -0.875944, 0.0, -0.118569, 0.975483, -0.185404, 0.400392, 0.874747, 0.190972, 0.445362, 0.0, 0.0, 0.0, 0.0, 1.0],
                [0.469911, -0.109957, -0.875838, -0.0, -0.11899, 0.975264, -0.186281, 0.400392, 0.874657, 0.191751, 0.445204, 0.0, 0.0, 0.0, 0.0, 1.0],
                [0.469975, -0.11055, -0.875729, 0.0, -0.119418, 0.975041, -0.187174, 0.400392, 0.874564, 0.192545, 0.445044, -0.0, 0.0, 0.0, 0.0, 1.0],
                [0.470041, -0.111152, -0.875618, 0.0, -0.119852, 0.974813, -0.188082, 0.400392, 0.87447, 0.193351, 0.44488, 0.0, 0.0, 0.0, 0.0, 1.0],
                [0.470108, -0.111764, -0.875504, -0.0, -0.120294, 0.97458, -0.189004, 0.400392, 0.874373, 0.19417, 0.444714, 0.0, 0.0, 0.0, 0.0, 1.0],
                [0.470176, -0.112384, -0.875388, 0.0, -0.120741, 0.974343, -0.189938, 0.400392, 0.874274, 0.195, 0.444544, 0.0, 0.0, 0.0, 0.0, 1.0],
                [0.470247, -0.113011, -0.875269, -0.0, -0.121194, 0.974102, -0.190884, 0.400392, 0.874174, 0.19584, 0.444372, 0.0, 0.0, 0.0, 0.0, 1.0],
                [0.470318, -0.113645, -0.875149, 0.0, -0.121652, 0.973857, -0.191841, 0.400392, 0.874072, 0.196689, 0.444198, -0.0, 0.0, 0.0, 0.0, 1.0],
                [0.470392, -0.114285, -0.875026, -0.0, -0.122113, 0.973609, -0.192806, 0.400392, 0.873968, 0.197547, 0.444022, 0.0, 0.0, 0.0, 0.0, 1.0],
                [0.470466, -0.114931, -0.874902, -0.0, -0.122579, 0.973357, -0.193779, 0.400392, 0.873863, 0.198411, 0.443843, 0.0, 0.0, 0.0, 0.0, 1.0],
                [0.470542, -0.11558, -0.874775, -0.0, -0.123048, 0.973102, -0.194759, 0.400392, 0.873756, 0.199282, 0.443664, 0.0, 0.0, 0.0, 0.0, 1.0],
                [0.470619, -0.116234, -0.874647, -0.0, -0.123519, 0.972845, -0.195745, 0.400392, 0.873648, 0.200157, 0.443482, 0.0, 0.0, 0.0, 0.0, 1.0],
                [0.470697, -0.11689, -0.874518, -0.0, -0.123992, 0.972585, -0.196735, 0.400392, 0.873539, 0.201036, 0.443299, 0.0, 0.0, 0.0, 0.0, 1.0],
                [0.470776, -0.117548, -0.874387, -0.0, -0.124467, 0.972323, -0.197727, 0.400392, 0.873429, 0.201917, 0.443116, 0.0, 0.0, 0.0, 0.0, 1.0],
                [0.470856, -0.118206, -0.874255, -0.0, -0.124942, 0.972059, -0.198721, 0.400392, 0.873318, 0.2028, 0.442931, 0.0, 0.0, 0.0, 0.0, 1.0],
                [0.470937, -0.118865, -0.874122, -0.0, -0.125417, 0.971794, -0.199716, 0.400392, 0.873206, 0.203683, 0.442746, 0.0, 0.0, 0.0, 0.0, 1.0],
                [0.471018, -0.119524, -0.873989, -0.0, -0.125891, 0.971528, -0.200709, 0.400392, 0.873094, 0.204565, 0.442561, 0.0, 0.0, 0.0, 0.0, 1.0],
                [0.4711, -0.12018, -0.873854, -0.0, -0.126365, 0.971262, -0.2017, 0.400392, 0.872981, 0.205445, 0.442375, 0.0, 0.0, 0.0, 0.0, 1.0],
                [0.471183, -0.120834, -0.87372, -0.0, -0.126836, 0.970994, -0.202688, 0.400392, 0.872869, 0.206322, 0.44219, 0.0, 0.0, 0.0, 0.0, 1.0],
                [0.471266, -0.121485, -0.873584, -0.0, -0.127305, 0.970727, -0.20367, 0.400392, 0.872755, 0.207194, 0.442005, 0.0, 0.0, 0.0, 0.0, 1.0],
                [0.471349, -0.122132, -0.873449, -0.0, -0.127771, 0.970461, -0.204647, 0.400392, 0.872642, 0.208062, 0.441821, -0.0, 0.0, 0.0, 0.0, 1.0],
                [0.471432, -0.122773, -0.873315, -0.0, -0.128233, 0.970195, -0.205616, 0.400392, 0.87253, 0.208922, 0.441638, 0.0, 0.0, 0.0, 0.0, 1.0],
                [0.471516, -0.123409, -0.87318, -0.0, -0.128691, 0.96993, -0.206576, 0.400392, 0.872417, 0.209775, 0.441456, 0.0, 0.0, 0.0, 0.0, 1.0],
                [0.471599, -0.124039, -0.873046, -0.0, -0.129145, 0.969667, -0.207527, 0.400392, 0.872305, 0.210619, 0.441275, 0.0, 0.0, 0.0, 0.0, 1.0],
                [0.471682, -0.124661, -0.872912, -0.0, -0.129593, 0.969406, -0.208467, 0.400392, 0.872194, 0.211453, 0.441096, 0.0, 0.0, 0.0, 0.0, 1.0],
                [0.471764, -0.125275, -0.87278, -0.0, -0.130035, 0.969146, -0.209395, 0.400392, 0.872083, 0.212277, 0.440918, 0.0, 0.0, 0.0, 0.0, 1.0],
                [0.471846, -0.12588, -0.872648, -0.0, -0.130471, 0.96889, -0.210309, 0.400392, 0.871974, 0.213089, 0.440743, 0.0, 0.0, 0.0, 0.0, 1.0],
                [0.471928, -0.126476, -0.872518, 0.0, -0.1309, 0.968636, -0.211209, 0.400392, 0.871866, 0.213888, 0.440571, 0.0, 0.0, 0.0, 0.0, 1.0],
                [0.472008, -0.127061, -0.87239, -0.0, -0.131321, 0.968386, -0.212094, 0.400392, 0.871759, 0.214673, 0.4404, 0.0, 0.0, 0.0, 0.0, 1.0],
                [0.472088, -0.127636, -0.872263, -0.0, -0.131735, 0.968139, -0.212963, 0.400392, 0.871653, 0.215444, 0.440233, 0.0, 0.0, 0.0, 0.0, 1.0],
                [0.472167, -0.128199, -0.872137, 0.0, -0.13214, 0.967896, -0.213814, 0.400392, 0.871549, 0.2162, 0.440068, 0.0, 0.0, 0.0, 0.0, 1.0],
                [0.472244, -0.12875, -0.872014, -0.0, -0.132536, 0.967657, -0.214647, 0.400392, 0.871447, 0.216939, 0.439907, 0.0, 0.0, 0.0, 0.0, 1.0],
                [0.472321, -0.129288, -0.871893, -0.0, -0.132924, 0.967423, -0.215461, 0.400392, 0.871346, 0.217662, 0.439749, 0.0, 0.0, 0.0, 0.0, 1.0],
                [0.472396, -0.129813, -0.871774, -0.0, -0.133302, 0.967194, -0.216255, 0.400392, 0.871248, 0.218367, 0.439594, 0.0, 0.0, 0.0, 0.0, 1.0],
                [0.47247, -0.130325, -0.871658, -0.0, -0.13367, 0.96697, -0.217029, 0.400392, 0.871152, 0.219054, 0.439444, 0.0, 0.0, 0.0, 0.0, 1.0],
                [0.472542, -0.130822, -0.871545, -0.0, -0.134027, 0.966751, -0.217781, 0.400392, 0.871058, 0.219721, 0.439297, 0.0, 0.0, 0.0, 0.0, 1.0],
                [0.472612, -0.131305, -0.871434, -0.0, -0.134374, 0.966538, -0.218511, 0.400392, 0.870966, 0.220369, 0.439154, 0.0, 0.0, 0.0, 0.0, 1.0],
                [0.47268, -0.131772, -0.871326, -0.0, -0.134711, 0.966331, -0.219218, 0.400392, 0.870877, 0.220997, 0.439015, 0.0, 0.0, 0.0, 0.0, 1.0],
                [0.472747, -0.132224, -0.871221, -0.0, -0.135036, 0.96613, -0.219902, 0.400392, 0.87079, 0.221604, 0.438881, 0.0, 0.0, 0.0, 0.0, 1.0],
                [0.472812, -0.132661, -0.87112, -0.0, -0.135349, 0.965936, -0.220562, 0.400392, 0.870706, 0.22219, 0.438751, 0.0, 0.0, 0.0, 0.0, 1.0],
                [0.472875, -0.133081, -0.871022, -0.0, -0.135651, 0.965748, -0.221198, 0.400392, 0.870625, 0.222754, 0.438625, 0.0, 0.0, 0.0, 0.0, 1.0],
                [0.472935, -0.133484, -0.870927, -0.0, -0.135942, 0.965567, -0.221809, 0.400392, 0.870547, 0.223296, 0.438505, 0.0, 0.0, 0.0, 0.0, 1.0],
                [0.472993, -0.133871, -0.870836, -0.0, -0.13622, 0.965394, -0.222394, 0.400392, 0.870472, 0.223816, 0.438389, 0.0, 0.0, 0.0, 0.0, 1.0],
                [0.473049, -0.134241, -0.870749, -0.0, -0.136485, 0.965227, -0.222954, 0.400392, 0.8704, 0.224313, 0.438278, 0.0, 0.0, 0.0, 0.0, 1.0],
                [0.473103, -0.134593, -0.870665, -0.0, -0.136739, 0.965068, -0.223488, 0.400392, 0.870331, 0.224786, 0.438172, 0.0, 0.0, 0.0, 0.0, 1.0],
                [0.473154, -0.134928, -0.870586, -0.0, -0.13698, 0.964916, -0.223995, 0.400392, 0.870265, 0.225237, 0.438072, 0.0, 0.0, 0.0, 0.0, 1.0],
                [0.473203, -0.135246, -0.87051, -0.0, -0.137208, 0.964772, -0.224476, 0.400392, 0.870203, 0.225663, 0.437976, 0.0, 0.0, 0.0, 0.0, 1.0],
                [0.473249, -0.135546, -0.870438, 0.0, -0.137423, 0.964635, -0.22493, 0.400392, 0.870144, 0.226066, 0.437886, -0.0, 0.0, 0.0, 0.0, 1.0],
                [0.473292, -0.135827, -0.870371, -0.0, -0.137626, 0.964507, -0.225356, 0.400392, 0.870088, 0.226445, 0.437801, 0.0, 0.0, 0.0, 0.0, 1.0],
                [0.473333, -0.136091, -0.870307, -0.0, -0.137815, 0.964387, -0.225756, 0.400392, 0.870036, 0.226799, 0.437721, 0.0, 0.0, 0.0, 0.0, 1.0],
                [0.473371, -0.136336, -0.870248, -0.0, -0.137992, 0.964274, -0.226127, 0.400392, 0.869987, 0.227129, 0.437647, 0.0, 0.0, 0.0, 0.0, 1.0],
                [0.473407, -0.136564, -0.870193, -0.0, -0.138155, 0.96417, -0.226472, 0.400392, 0.869942, 0.227435, 0.437578, 0.0, 0.0, 0.0, 0.0, 1.0],
                [0.47344, -0.136773, -0.870143, 0.0, -0.138305, 0.964074, -0.226789, 0.400392, 0.869901, 0.227716, 0.437514, -0.0, 0.0, 0.0, 0.0, 1.0],
                [0.473469, -0.136964, -0.870096, 0.0, -0.138442, 0.963986, -0.227077, 0.400392, 0.869862, 0.227972, 0.437456, 0.0, 0.0, 0.0, 0.0, 1.0],
