{
    "animation": [
        {
            "name": "Root",
            "time": [6.35, 0.0],
            "transform": [
                [0.344356, 0.0, 0.938839, -5e-06, 0.938839, 0.0, -0.344356, 0.000946, 0.0, 1.0, 0.0, 0.714865, 0.0, 0.0, 0.0, 1.0],
                [0.344356, 0.0, 0.938839, -5e-06, 0.938839, 0.0, -0.344356, 0.000946, 0.0, 1.0, 0.0, 0.714865, 0.0, 0.0, 0.0, 1.0]
            ]
        },
        {
            "name": "Thigh_R",
            "time": [6.35, 0.0],
            "transform": [
                [0.559657, 0.450989, 0.695232, 0.139893, 0.12557, -0.875417, 0.466763, -0.002831, 0.819156, -0.173926, -0.546544, 0.04061, 0.0, 0.0, 0.0, 1.0],
                [0.559657, 0.450989, 0.695232, 0.139893, 0.12557, -0.875417, 0.466763, -0.002831, 0.819156, -0.173926, -0.546544, 0.04061, 0.0, 0.0, 0.0, 1.0]
            ]
        },
        {
            "name": "Leg_R",
            "time": [6.35, 0.0],
            "transform": [
                [0.999999, -0.0006, -0.000251, 0.0, 0.00065, 0.900857, 0.434101, 0.375166, -3.4e-05, -0.434123, 0.900863, 0.0, 0.0, 0.0, 0.0, 1.0],
                [0.999999, -0.0006, -0.000251, 0.0, 0.00065, 0.900857, 0.434101, 0.375166, -3.4e-05, -0.434123, 0.900863, 0.0, 0.0, 0.0, 0.0, 1.0]
            ]
        },
        {
            "name": "Knee_R",
            "time": [6.35, 0.0],
            "transform": [
                [1.0, -5.7e-05, 5.4e-05, 0.0, 5.7e-05, 0.048757, -0.998811, 0.375166, 5.4e-05, 0.998811, 0.048757, 0.0, 0.0, 0.0, 0.0, 1.0],
                [1.0, -5.7e-05, 5.4e-05, 0.0, 5.7e-05, 0.048757, -0.998811, 0.375166, 5.4e-05, 0.998811, 0.048757, 0.0, 0.0, 0.0, 0.0, 1.0]
            ]
        },
        {
            "name": "Thigh_L",
            "time": [4.45, 4.4667, 4.4833, 4.5, 4.5167, 4.5333, 4.55, 4.5667, 4.5833, 4.6, 4.6167, 4.6333, 4.65, 4.6667, 4.6833, 4.7, 4.7167, 4.7333, 4.75, 4.7667, 4.7833, 4.8, 4.8167, 4.8333, 4.85, 4.8667, 4.8833, 4.9, 4.9167, 4.9333, 4.95, 4.9667, 4.9833, 5.0, 5.0167, 5.0333, 5.05, 5.0667, 5.0833, 5.1, 5.1167, 5.1333, 5.15, 5.1667, 5.1833, 5.2, 5.2167, 5.2333, 5.25, 5.2667, 5.2833, 5.3, 5.3167, 5.3333, 5.35, 5.3667, 5.3833, 5.4, 5.4167, 5.4333, 5.45, 5.4667, 5.4833, 5.5, 5.5167, 5.5333, 5.55, 5.5667, 5.5833, 5.6, 5.6167, 5.6333, 5.65, 5.6667, 5.6833, 5.7, 5.7167, 5.7333, 5.75, 5.7667, 5.7833, 5.8, 5.8167, 5.8333, 5.85, 5.8667, 5.8833, 5.9, 5.9167, 5.9333, 5.95, 5.9667, 5.9833, 6.0, 6.0167, 6.0333, 6.05, 6.0667, 6.0833, 6.1, 6.1167, 6.1333, 6.15, 6.1667, 6.1833, 6.2, 6.2167, 6.2333, 6.25, 6.2667, 6.2833, 6.3, 6.3167, 6.3333, 6.35, 0.0],
            "transform": [
                [0.988362, -0.131731, -0.076069, -0.176635, -0.071825, -0.844958, 0.529978, -0.002831, -0.134095, -0.518347, -0.844542, -0.051786, 0.0, 0.0, 0.0, 1.0],
                [0.984002, -0.10711, -0.142357, -0.139061, -0.081058, -0.980754, 0.177617, 0.025647, -0.158649, -0.163245, -0.973701, 0.050654, 0.0, 0.0, 0.0, 1.0],
                [0.984064, -0.108039, -0.141219, -0.139433, -0.080753, -0.979155, 0.18636, 0.025365, -0.158416, -0.171996, -0.972231, 0.049641, 0.0, 0.0, 0.0, 1.0],
                [0.98414, -0.109106, -0.139868, -0.139893, -0.080402, -0.977193, 0.196531, 0.025016, -0.158127, -0.182178, -0.970422, 0.048386, 0.0, 0.0, 0.0, 1.0],
                [0.984215, -0.110132, -0.138527, -0.14037, -0.080065, -0.97518, 0.206422, 0.024655, -0.157829, -0.192081, -0.968559, 0.047086, 0.0, 0.0, 0.0, 1.0],
                [0.98429, -0.111102, -0.137217, -0.140853, -0.079746, -0.973154, 0.215886, 0.024288, -0.157525, -0.201561, -0.96668, 0.045767, 0.0, 0.0, 0.0, 1.0],
                [0.984363, -0.112015, -0.135944, -0.141341, -0.079445, -0.971132, 0.224917, 0.023919, -0.15722, -0.210608, -0.9648, 0.044439, 0.0, 0.0, 0.0, 1.0],
                [0.984435, -0.112876, -0.134706, -0.141829, -0.07916, -0.969118, 0.233537, 0.023549, -0.156914, -0.219247, -0.962923, 0.043108, 0.0, 0.0, 0.0, 1.0],
                [0.984505, -0.113689, -0.133503, -0.142318, -0.078892, -0.967116, 0.24178, 0.023179, -0.156607, -0.227509, -0.961055, 0.041775, 0.0, 0.0, 0.0, 1.0],
                [0.984574, -0.114458, -0.132331, -0.142806, -0.078637, -0.965129, 0.249675, 0.022808, -0.1563, -0.235425, -0.959196, 0.040443, 0.0, 0.0, 0.0, 1.0],
                [0.984642, -0.115186, -0.131188, -0.143294, -0.078395, -0.963157, 0.257252, 0.022439, -0.155993, -0.243024, -0.957349, 0.039113, 0.0, 0.0, 0.0, 1.0],
                [0.984709, -0.115878, -0.130073, -0.143781, -0.078165, -0.9612, 0.264537, 0.02207, -0.155687, -0.250333, -0.955514, 0.037787, 0.0, 0.0, 0.0, 1.0],
                [0.984774, -0.116535, -0.128984, -0.144266, -0.077945, -0.959259, 0.271553, 0.021702, -0.155381, -0.257372, -0.953692, 0.036463, 0.0, 0.0, 0.0, 1.0],
                [0.984839, -0.117161, -0.127919, -0.14475, -0.077736, -0.957335, 0.278321, 0.021335, -0.155076, -0.264165, -0.951883, 0.035144, 0.0, 0.0, 0.0, 1.0],
                [0.984903, -0.117758, -0.126877, -0.145232, -0.077535, -0.955426, 0.284858, 0.02097, -0.154772, -0.270727, -0.950087, 0.03383, 0.0, 0.0, 0.0, 1.0],
                [0.984965, -0.118328, -0.125855, -0.145713, -0.077343, -0.953534, 0.291181, 0.020606, -0.154469, -0.277076, -0.948304, 0.03252, 0.0, 0.0, 0.0, 1.0],
                [0.985027, -0.118873, -0.124854, -0.146191, -0.077159, -0.951657, 0.297304, 0.020243, -0.154166, -0.283226, -0.946535, 0.031215, 0.0, 0.0, 0.0, 1.0],
                [0.985088, -0.119395, -0.123872, -0.146668, -0.076983, -0.949797, 0.30324, 0.019882, -0.153865, -0.289189, -0.94478, 0.029915, 0.0, 0.0, 0.0, 1.0],
                [0.985148, -0.119894, -0.122908, -0.147142, -0.076813, -0.947952, 0.309, 0.019522, -0.153564, -0.294977, -0.943038, 0.028621, 0.0, 0.0, 0.0, 1.0],
                [0.985208, -0.120372, -0.12196, -0.147615, -0.076649, -0.946123, 0.314595, 0.019164, -0.153264, -0.3006, -0.941309, 0.027333, 0.0, 0.0, 0.0, 1.0],
                [0.985266, -0.120831, -0.12103, -0.148086, -0.076492, -0.94431, 0.320034, 0.018807, -0.152966, -0.306068, -0.939594, 0.02605, 0.0, 0.0, 0.0, 1.0],
                [0.985324, -0.121271, -0.120114, -0.148554, -0.07634, -0.942512, 0.325326, 0.018452, -0.152668, -0.311389, -0.937893, 0.024773, 0.0, 0.0, 0.0, 1.0],
                [0.985382, -0.121694, -0.119214, -0.14902, -0.076194, -0.94073, 0.330478, 0.018099, -0.152372, -0.31657, -0.936205, 0.023502, 0.0, 0.0, 0.0, 1.0],
                [0.985438, -0.1221, -0.118328, -0.149484, -0.076053, -0.938963, 0.335498, 0.017747, -0.152076, -0.32162, -0.93453, 0.022238, 0.0, 0.0, 0.0, 1.0],
                [0.985494, -0.122491, -0.117456, -0.149945, -0.075917, -0.937211, 0.340392, 0.017397, -0.151782, -0.326543, -0.932869, 0.020979, 0.0, 0.0, 0.0, 1.0],
                [0.985549, -0.122866, -0.116597, -0.150405, -0.075785, -0.935474, 0.345165, 0.017049, -0.151489, -0.331346, -0.931222, 0.019727, 0.0, 0.0, 0.0, 1.0],
                [0.985604, -0.123227, -0.115751, -0.150862, -0.075658, -0.933752, 0.349823, 0.016703, -0.151197, -0.336036, -0.929588, 0.018481, 0.0, 0.0, 0.0, 1.0],
                [0.985658, -0.123575, -0.114918, -0.151316, -0.075534, -0.932046, 0.354371, 0.016358, -0.150906, -0.340615, -0.927967, 0.017242, 0.0, 0.0, 0.0, 1.0],
                [0.985711, -0.12391, -0.114096, -0.151769, -0.075415, -0.930354, 0.358815, 0.016016, -0.150617, -0.345089, -0.926359, 0.016009, 0.0, 0.0, 0.0, 1.0],
                [0.985764, -0.124232, -0.113286, -0.152218, -0.0753, -0.928676, 0.363158, 0.015675, -0.150328, -0.349463, -0.924765, 0.014783, 0.0, 0.0, 0.0, 1.0],
                [0.985816, -0.124543, -0.112488, -0.152666, -0.075188, -0.927014, 0.367403, 0.015336, -0.150041, -0.35374, -0.923184, 0.013563, 0.0, 0.0, 0.0, 1.0],
                [0.985868, -0.124842, -0.1117, -0.15311, -0.075079, -0.925366, 0.371555, 0.014999, -0.149756, -0.357924, -0.921617, 0.01235, 0.0, 0.0, 0.0, 1.0],
                [0.985919, -0.12513, -0.110924, -0.153553, -0.074974, -0.923733, 0.375618, 0.014664, -0.149471, -0.362018, -0.920063, 0.011145, 0.0, 0.0, 0.0, 1.0],
                [0.98597, -0.125407, -0.110157, -0.153992, -0.074872, -0.922115, 0.379594, 0.01433, -0.149188, -0.366026, -0.918522, 0.009946, 0.0, 0.0, 0.0, 1.0],
                [0.98602, -0.125675, -0.109401, -0.15443, -0.074773, -0.920511, 0.383487, 0.013999, -0.148906, -0.36995, -0.916994, 0.008754, 0.0, 0.0, 0.0, 1.0],
                [0.98607, -0.125933, -0.108655, -0.154864, -0.074677, -0.918921, 0.387298, 0.01367, -0.148625, -0.373794, -0.915479, 0.007569, 0.0, 0.0, 0.0, 1.0],
                [0.986119, -0.126181, -0.107919, -0.155296, -0.074584, -0.917346, 0.391032, 0.013342, -0.148346, -0.37756, -0.913978, 0.006392, 0.0, 0.0, 0.0, 1.0],
                [0.986167, -0.126421, -0.107192, -0.155725, -0.074494, -0.915786, 0.39469, 0.013017, -0.148068, -0.38125, -0.91249, 0.005221, 0.0, 0.0, 0.0, 1.0],
                [0.986215, -0.126652, -0.106475, -0.156152, -0.074406, -0.914239, 0.398275, 0.012694, -0.147792, -0.384867, -0.911015, 0.004058, 0.0, 0.0, 0.0, 1.0],
                [0.986263, -0.126874, -0.105767, -0.156576, -0.074321, -0.912707, 0.401789, 0.012372, -0.147517, -0.388413, -0.909554, 0.002903, 0.0, 0.0, 0.0, 1.0],
                [0.98631, -0.127088, -0.105068, -0.156997, -0.074238, -0.91119, 0.405233, 0.012053, -0.147244, -0.39189, -0.908106, 0.001755, 0.0, 0.0, 0.0, 1.0],
                [0.986357, -0.127295, -0.104378, -0.157415, -0.074157, -0.909687, 0.408611, 0.011736, -0.146972, -0.3953, -0.906671, 0.000614, 0.0, 0.0, 0.0, 1.0],
                [0.986403, -0.127494, -0.103697, -0.157831, -0.074079, -0.908198, 0.411923, 0.011421, -0.146701, -0.398645, -0.905249, -0.000518, 0.0, 0.0, 0.0, 1.0],
                [0.986448, -0.127686, -0.103024, -0.158243, -0.074003, -0.906724, 0.415172, 0.011108, -0.146432, -0.401926, -0.903841, -0.001643, 0.0, 0.0, 0.0, 1.0],
                [0.986494, -0.127871, -0.10236, -0.158653, -0.073929, -0.905264, 0.418358, 0.010798, -0.146165, -0.405145, -0.902446, -0.002761, 0.0, 0.0, 0.0, 1.0],
                [0.986538, -0.128049, -0.101704, -0.15906, -0.073858, -0.903818, 0.421485, 0.01049, -0.145899, -0.408304, -0.901064, -0.00387, 0.0, 0.0, 0.0, 1.0],
                [0.986583, -0.128221, -0.101057, -0.159464, -0.073788, -0.902387, 0.424553, 0.010184, -0.145635, -0.411404, -0.899696, -0.004971, 0.0, 0.0, 0.0, 1.0],
                [0.986626, -0.128386, -0.100418, -0.159865, -0.07372, -0.90097, 0.427563, 0.00988, -0.145373, -0.414446, -0.898341, -0.006064, 0.0, 0.0, 0.0, 1.0],
                [0.98667, -0.128545, -0.099787, -0.160262, -0.073654, -0.899568, 0.430517, 0.009578, -0.145112, -0.417432, -0.896999, -0.007149, 0.0, 0.0, 0.0, 1.0],
                [0.986713, -0.128698, -0.099164, -0.160657, -0.073589, -0.89818, 0.433416, 0.009279, -0.144853, -0.420363, -0.895671, -0.008225, 0.0, 0.0, 0.0, 1.0],
                [0.986755, -0.128845, -0.098549, -0.161049, -0.073527, -0.896806, 0.436261, 0.008982, -0.144595, -0.423241, -0.894357, -0.009293, 0.0, 0.0, 0.0, 1.0],
                [0.986797, -0.128987, -0.097942, -0.161438, -0.073466, -0.895447, 0.439054, 0.008687, -0.14434, -0.426065, -0.893056, -0.010352, 0.0, 0.0, 0.0, 1.0],
                [0.986838, -0.129123, -0.097342, -0.161823, -0.073407, -0.894103, 0.441795, 0.008395, -0.144086, -0.428838, -0.891769, -0.011403, 0.0, 0.0, 0.0, 1.0],
                [0.98688, -0.129254, -0.096751, -0.162205, -0.07335, -0.892773, 0.444485, 0.008106, -0.143834, -0.43156, -0.890496, -0.012445, 0.0, 0.0, 0.0, 1.0],
                [0.98692, -0.12938, -0.096167, -0.162584, -0.073294, -0.891458, 0.447126, 0.007818, -0.143584, -0.434233, -0.889236, -0.013478, 0.0, 0.0, 0.0, 1.0],
                [0.98696, -0.129501, -0.09559, -0.16296, -0.073239, -0.890158, 0.449719, 0.007534, -0.143336, -0.436857, -0.88799, -0.014503, 0.0, 0.0, 0.0, 1.0],
                [0.987, -0.129617, -0.095022, -0.163332, -0.073187, -0.888872, 0.452263, 0.007252, -0.143089, -0.439433, -0.886758, -0.015518, 0.0, 0.0, 0.0, 1.0],
                [0.987039, -0.129728, -0.094461, -0.163701, -0.073135, -0.887601, 0.45476, 0.006972, -0.142845, -0.441961, -0.88554, -0.016523, 0.0, 0.0, 0.0, 1.0],
                [0.987078, -0.129836, -0.093907, -0.164067, -0.073085, -0.886345, 0.457211, 0.006695, -0.142603, -0.444443, -0.884336, -0.01752, 0.0, 0.0, 0.0, 1.0],
                [0.987116, -0.129938, -0.093361, -0.164429, -0.073036, -0.885104, 0.459617, 0.006421, -0.142362, -0.44688, -0.883146, -0.018507, 0.0, 0.0, 0.0, 1.0],
                [0.987154, -0.130037, -0.092823, -0.164787, -0.072989, -0.883878, 0.461978, 0.006149, -0.142124, -0.449272, -0.88197, -0.019484, 0.0, 0.0, 0.0, 1.0],
                [0.987191, -0.130131, -0.092292, -0.165142, -0.072943, -0.882667, 0.464295, 0.00588, -0.141888, -0.451619, -0.880809, -0.020452, 0.0, 0.0, 0.0, 1.0],
                [0.987228, -0.130221, -0.091768, -0.165493, -0.072898, -0.881471, 0.466568, 0.005614, -0.141654, -0.453923, -0.879661, -0.02141, 0.0, 0.0, 0.0, 1.0],
                [0.987265, -0.130308, -0.091252, -0.165841, -0.072855, -0.88029, 0.468799, 0.00535, -0.141422, -0.456183, -0.878529, -0.022357, 0.0, 0.0, 0.0, 1.0],
                [0.987301, -0.13039, -0.090743, -0.166185, -0.072812, -0.879125, 0.470987, 0.00509, -0.141193, -0.458401, -0.87741, -0.023295, 0.0, 0.0, 0.0, 1.0],
                [0.987336, -0.130469, -0.090242, -0.166525, -0.072771, -0.877975, 0.473133, 0.004832, -0.140966, -0.460577, -0.876307, -0.024222, 0.0, 0.0, 0.0, 1.0],
                [0.987371, -0.130545, -0.089748, -0.166861, -0.072731, -0.876841, 0.475237, 0.004577, -0.140741, -0.462711, -0.875218, -0.025138, 0.0, 0.0, 0.0, 1.0],
                [0.987406, -0.130617, -0.089262, -0.167193, -0.072692, -0.875723, 0.477301, 0.004325, -0.140518, -0.464804, -0.874144, -0.026044, 0.0, 0.0, 0.0, 1.0],
                [0.98744, -0.130686, -0.088783, -0.167522, -0.072655, -0.87462, 0.479325, 0.004076, -0.140298, -0.466856, -0.873085, -0.02694, 0.0, 0.0, 0.0, 1.0],
                [0.987473, -0.130752, -0.088311, -0.167846, -0.072618, -0.873533, 0.481308, 0.00383, -0.140081, -0.468869, -0.872041, -0.027824, 0.0, 0.0, 0.0, 1.0],
                [0.987506, -0.130814, -0.087847, -0.168166, -0.072582, -0.872462, 0.483252, 0.003588, -0.139866, -0.470841, -0.871013, -0.028697, 0.0, 0.0, 0.0, 1.0],
                [0.987539, -0.130874, -0.087391, -0.168482, -0.072548, -0.871407, 0.485156, 0.003348, -0.139653, -0.472773, -0.869999, -0.029558, 0.0, 0.0, 0.0, 1.0],
                [0.987571, -0.130931, -0.086941, -0.168794, -0.072514, -0.870369, 0.487022, 0.003112, -0.139443, -0.474666, -0.869001, -0.030408, 0.0, 0.0, 0.0, 1.0],
                [0.987603, -0.130985, -0.0865, -0.169101, -0.072481, -0.869347, 0.488848, 0.002879, -0.139236, -0.476521, -0.868019, -0.031247, 0.0, 0.0, 0.0, 1.0],
                [0.987634, -0.131036, -0.086066, -0.169404, -0.07245, -0.868342, 0.490636, 0.002649, -0.139032, -0.478336, -0.867053, -0.032073, 0.0, 0.0, 0.0, 1.0],
                [0.987665, -0.131084, -0.08564, -0.169703, -0.072419, -0.867353, 0.492386, 0.002423, -0.13883, -0.480113, -0.866103, -0.032887, 0.0, 0.0, 0.0, 1.0],
                [0.987695, -0.13113, -0.085221, -0.169997, -0.072389, -0.866382, 0.494098, 0.0022, -0.138631, -0.481851, -0.865169, -0.033689, 0.0, 0.0, 0.0, 1.0],
                [0.987724, -0.131174, -0.084811, -0.170287, -0.07236, -0.865427, 0.495772, 0.001981, -0.138436, -0.483552, -0.864251, -0.034478, 0.0, 0.0, 0.0, 1.0],
                [0.987753, -0.131215, -0.084407, -0.170571, -0.072332, -0.86449, 0.497409, 0.001765, -0.138243, -0.485214, -0.86335, -0.035255, 0.0, 0.0, 0.0, 1.0],
                [0.987782, -0.131254, -0.084012, -0.170851, -0.072305, -0.86357, 0.499008, 0.001553, -0.138053, -0.486838, -0.862465, -0.036018, 0.0, 0.0, 0.0, 1.0],
                [0.98781, -0.131291, -0.083625, -0.171126, -0.072279, -0.862668, 0.500569, 0.001344, -0.137867, -0.488425, -0.861598, -0.036768, 0.0, 0.0, 0.0, 1.0],
                [0.987837, -0.131326, -0.083246, -0.171397, -0.072253, -0.861784, 0.502093, 0.001139, -0.137683, -0.489974, -0.860747, -0.037504, 0.0, 0.0, 0.0, 1.0],
                [0.987864, -0.131358, -0.082874, -0.171662, -0.072229, -0.860918, 0.50358, 0.000938, -0.137503, -0.491485, -0.859914, -0.038227, 0.0, 0.0, 0.0, 1.0],
                [0.98789, -0.131389, -0.082511, -0.171922, -0.072205, -0.860071, 0.50503, 0.000741, -0.137327, -0.492958, -0.859099, -0.038936, 0.0, 0.0, 0.0, 1.0],
                [0.987916, -0.131418, -0.082156, -0.172176, -0.072182, -0.859242, 0.506442, 0.000548, -0.137153, -0.494394, -0.858301, -0.03963, 0.0, 0.0, 0.0, 1.0],
                [0.987941, -0.131445, -0.081809, -0.172425, -0.07216, -0.858432, 0.507817, 0.00036, -0.136983, -0.495792, -0.857521, -0.040309, 0.0, 0.0, 0.0, 1.0],
                [0.987966, -0.13147, -0.081471, -0.172669, -0.072138, -0.857641, 0.509154, 0.000175, -0.136817, -0.497152, -0.85676, -0.040974, 0.0, 0.0, 0.0, 1.0],
                [0.98799, -0.131494, -0.081141, -0.172907, -0.072117, -0.856869, 0.510455, -6e-06, -0.136655, -0.498474, -0.856018, -0.041623, 0.0, 0.0, 0.0, 1.0],
                [0.988013, -0.131516, -0.08082, -0.17314, -0.072097, -0.856118, 0.511717, -0.000182, -0.136496, -0.499758, -0.855294, -0.042257, 0.0, 0.0, 0.0, 1.0],
                [0.988036, -0.131536, -0.080508, -0.173366, -0.072078, -0.855386, 0.512942, -0.000354, -0.136341, -0.501004, -0.854589, -0.042875, 0.0, 0.0, 0.0, 1.0],
                [0.988058, -0.131555, -0.080204, -0.173587, -0.07206, -0.854675, 0.514129, -0.000521, -0.136191, -0.502211, -0.853905, -0.043476, 0.0, 0.0, 0.0, 1.0],
                [0.98808, -0.131573, -0.079909, -0.173802, -0.072042, -0.853984, 0.515277, -0.000683, -0.136044, -0.50338, -0.85324, -0.044061, 0.0, 0.0, 0.0, 1.0],
                [0.988101, -0.13159, -0.079624, -0.17401, -0.072025, -0.853315, 0.516388, -0.000841, -0.135901, -0.504509, -0.852595, -0.044629, 0.0, 0.0, 0.0, 1.0],
                [0.988121, -0.131605, -0.079348, -0.174212, -0.072008, -0.852667, 0.517459, -0.000994, -0.135763, -0.505599, -0.851971, -0.045179, 0.0, 0.0, 0.0, 1.0],
                [0.98814, -0.131619, -0.079081, -0.174407, -0.071993, -0.852041, 0.518491, -0.001142, -0.135629, -0.50665, -0.851368, -0.045712, 0.0, 0.0, 0.0, 1.0],
                [0.988159, -0.131632, -0.078824, -0.174595, -0.071978, -0.851437, 0.519484, -0.001285, -0.1355, -0.507661, -0.850786, -0.046226, 0.0, 0.0, 0.0, 1.0],
                [0.988177, -0.131643, -0.078576, -0.174777, -0.071964, -0.850856, 0.520437, -0.001423, -0.135375, -0.508631, -0.850227, -0.046721, 0.0, 0.0, 0.0, 1.0],
                [0.988195, -0.131654, -0.078339, -0.174952, -0.07195, -0.850298, 0.52135, -0.001555, -0.135255, -0.50956, -0.849689, -0.047197, 0.0, 0.0, 0.0, 1.0],
                [0.988211, -0.131664, -0.078112, -0.175119, -0.071937, -0.849764, 0.522222, -0.001682, -0.13514, -0.510448, -0.849175, -0.047654, 0.0, 0.0, 0.0, 1.0],
                [0.988227, -0.131673, -0.077895, -0.175279, -0.071925, -0.849254, 0.523052, -0.001803, -0.13503, -0.511293, -0.848683, -0.04809, 0.0, 0.0, 0.0, 1.0],
                [0.988243, -0.131681, -0.077688, -0.175432, -0.071913, -0.848769, 0.523841, -0.001919, -0.134925, -0.512096, -0.848216, -0.048506, 0.0, 0.0, 0.0, 1.0],
                [0.988257, -0.131688, -0.077493, -0.175576, -0.071902, -0.848309, 0.524586, -0.002028, -0.134826, -0.512855, -0.847773, -0.0489, 0.0, 0.0, 0.0, 1.0],
                [0.98827, -0.131695, -0.077308, -0.175713, -0.071892, -0.847876, 0.525288, -0.002132, -0.134731, -0.51357, -0.847355, -0.049272, 0.0, 0.0, 0.0, 1.0],
                [0.988283, -0.131701, -0.077135, -0.175841, -0.071883, -0.847468, 0.525946, -0.002229, -0.134643, -0.51424, -0.846963, -0.049622, 0.0, 0.0, 0.0, 1.0],
                [0.988295, -0.131706, -0.076974, -0.175961, -0.071874, -0.847089, 0.526559, -0.00232, -0.134561, -0.514864, -0.846596, -0.049948, 0.0, 0.0, 0.0, 1.0],
                [0.988306, -0.131711, -0.076825, -0.176072, -0.071866, -0.846737, 0.527125, -0.002404, -0.134484, -0.515441, -0.846257, -0.050251, 0.0, 0.0, 0.0, 1.0],
                [0.988316, -0.131715, -0.076687, -0.176174, -0.071858, -0.846414, 0.527645, -0.002481, -0.134414, -0.51597, -0.845946, -0.050529, 0.0, 0.0, 0.0, 1.0],
                [0.988325, -0.131718, -0.076563, -0.176267, -0.071852, -0.846121, 0.528116, -0.002552, -0.13435, -0.51645, -0.845663, -0.050782, 0.0, 0.0, 0.0, 1.0],
                [0.988334, -0.131721, -0.076451, -0.17635, -0.071846, -0.845858, 0.528538, -0.002615, -0.134292, -0.51688, -0.84541, -0.051009, 0.0, 0.0, 0.0, 1.0],
                [0.988341, -0.131724, -0.076353, -0.176423, -0.07184, -0.845626, 0.528909, -0.00267, -0.134242, -0.517258, -0.845187, -0.051208, 0.0, 0.0, 0.0, 1.0],
                [0.988347, -0.131726, -0.076268, -0.176486, -0.071836, -0.845427, 0.529227, -0.002718, -0.134198, -0.517582, -0.844995, -0.05138, 0.0, 0.0, 0.0, 1.0],
                [0.988352, -0.131728, -0.076198, -0.176538, -0.071832, -0.845262, 0.529492, -0.002758, -0.134162, -0.517852, -0.844835, -0.051523, 0.0, 0.0, 0.0, 1.0],
                [0.988356, -0.131729, -0.076143, -0.17658, -0.071829, -0.845131, 0.529701, -0.002789, -0.134133, -0.518066, -0.844709, -0.051636, 0.0, 0.0, 0.0, 1.0],
                [0.988359, -0.13173, -0.076102, -0.17661, -0.071827, -0.845036, 0.529854, -0.002812, -0.134112, -0.51822, -0.844617, -0.051718, 0.0, 0.0, 0.0, 1.0],
                [0.988361, -0.131731, -0.076077, -0.176629, -0.071826, -0.844977, 0.529947, -0.002826, -0.1341, -0.518315, -0.844561, -0.051768, 0.0, 0.0, 0.0, 1.0],
                [0.988362, -0.131731, -0.076069, -0.176635, -0.071825, -0.844958, 0.529978, -0.002831, -0.134095, -0.518347, -0.844542, -0.051786, 0.0, 0.0, 0.0, 1.0]
            ]
        },
        {
            "name": "Leg_L",
            "time": [6.35, 0.0],
            "transform": [
                [0.999107, -0.037382, -0.019675, -0.0, 0.03253, 0.383661, 0.922878, 0.375166, -0.02695, -0.922719, 0.384558, -0.0, 0.0, 0.0, 0.0, 1.0],
                [0.999107, -0.037382, -0.019675, -0.0, 0.03253, 0.383661, 0.922878, 0.375166, -0.02695, -0.922719, 0.384558, -0.0, 0.0, 0.0, 0.0, 1.0]
            ]
        },
        {
            "name": "Knee_L",
            "time": [6.35, 0.0],
            "transform": [
                [1.0, 0.0, -0.0, -0.0, -0.0, 0.048757, -0.99881, 0.375166, -0.0, 0.998811, 0.048757, -0.0, 0.0, 0.0, 0.0, 1.0],
                [1.0, 0.0, -0.0, -0.0, -0.0, 0.048757, -0.99881, 0.375166, -0.0, 0.998811, 0.048757, -0.0, 0.0, 0.0, 0.0, 1.0]
            ]
        },
        {
            "name": "Torso",
            "time": [6.35, 0.0],
            "transform": [
                [1.0, 0.0, 0.0, 0.0, 0.0, 0.99826, -0.058959, 0.05, -0.0, 0.058959, 0.99826, 0.0, 0.0, 0.0, 0.0, 1.0],
                [1.0, 0.0, 0.0, 0.0, 0.0, 0.99826, -0.058959, 0.05, -0.0, 0.058959, 0.99826, 0.0, 0.0, 0.0, 0.0, 1.0]
            ]
        },
        {
            "name": "Chest",
            "time": [6.35, 0.0],
            "transform": [
                [0.998146, 0.060348, 0.007944, 0.0, -0.060698, 0.977091, 0.20398, 0.300523, 0.004548, -0.204084, 0.978943, -0.0, 0.0, 0.0, 0.0, 1.0],
                [0.998146, 0.060348, 0.007944, 0.0, -0.060698, 0.977091, 0.20398, 0.300523, 0.004548, -0.204084, 0.978943, -0.0, 0.0, 0.0, 0.0, 1.0]
            ]
        },
        {
            "name": "Head",
            "time": [0.0, 0.0167, 0.0333, 0.05, 0.0667, 0.0833, 0.1, 0.1167, 0.1333, 0.15, 0.1667, 0.1833, 0.2, 0.2167, 0.2333, 0.25, 0.2667, 0.2833, 0.3, 0.3167, 0.3333, 0.35, 0.3667, 0.3833, 0.4, 0.4167, 0.4333, 0.45, 0.4667, 0.4833, 0.5, 0.5167, 0.5333, 0.55, 0.5667, 0.5833, 0.6, 0.6167, 0.6333, 0.65, 0.6667, 0.6833, 0.7, 0.7167, 0.7333, 0.75, 0.7667, 0.7833, 0.8, 0.8167, 0.8333, 0.85, 0.8667, 0.8833, 0.9, 0.9167, 0.9333, 0.95, 0.9667, 0.9833, 1.0, 1.0167, 1.0333, 1.05, 1.0667, 1.0833, 1.1, 1.1167, 1.1333, 1.15, 1.1667, 1.1833, 1.2, 1.2167, 1.2333, 1.25, 1.2667, 1.2833, 1.3, 1.3167, 1.3333, 1.35, 1.3667, 1.3833, 1.4, 1.4167, 1.4333, 1.45, 1.4667, 1.4833, 1.5, 1.5167, 1.5333, 1.55, 1.5667, 1.5833, 1.6, 1.6167, 1.6333, 1.65, 1.6667, 1.6833, 1.7, 1.7167, 1.7333, 1.75, 1.7667, 1.7833, 1.8, 1.8167, 1.8333, 1.85, 1.8667, 1.8833, 1.9, 1.9167, 1.9333, 1.95, 1.9667, 1.9833, 2.0, 2.0167, 2.0333, 2.05, 2.0667, 2.0833, 2.1, 2.1167, 2.1333, 2.15, 2.1667, 2.1833, 2.2, 2.2167, 2.2333, 2.25, 2.2667, 2.2833, 2.3, 2.3167, 2.3333, 2.35, 2.3667, 2.3833, 2.4, 2.4167, 2.4333, 2.45, 2.4667, 2.4833, 2.5, 2.5167, 2.5333, 2.55, 2.5667, 2.5833, 2.6, 2.6167, 2.6333, 2.65, 2.6667, 2.6833, 2.7, 2.7167, 2.7333, 2.75, 2.7667, 2.7833, 2.8, 2.8167, 2.8333, 2.85, 2.8667, 2.8833, 2.9, 2.9167, 2.9333, 2.95, 2.9667, 2.9833, 3.0, 3.0167, 3.0333, 3.05, 3.0667, 3.0833, 3.1, 3.1167, 3.1333, 3.15, 3.1667, 3.1833, 3.2, 3.2167, 3.2333, 3.25, 3.2667, 3.2833, 3.3, 3.3167, 3.3333, 3.35, 3.3667, 3.3833, 3.4, 3.4167, 3.4333, 3.45, 3.4667, 3.4833, 3.5, 3.5167, 3.5333, 3.55, 3.5667, 3.5833, 3.6, 3.6167, 3.6333, 3.65, 3.6667, 3.6833, 3.7, 3.7167, 3.7333, 3.75, 3.7667, 3.7833, 3.8, 3.8167, 3.8333, 3.85, 3.8667, 3.8833, 3.9, 3.9167, 3.9333, 3.95, 3.9667, 3.9833, 4.0, 4.0167, 4.0333, 4.05, 4.0667, 4.0833, 4.1, 4.1167, 4.1333, 4.15, 4.1667, 4.1833, 4.2, 4.2167, 4.2333, 4.25, 4.2667, 4.2833, 4.3, 4.3167, 4.3333, 4.35, 4.3667, 4.3833, 4.4, 4.4167, 4.4333, 4.45, 4.4667, 4.4833, 4.5, 4.5167, 4.5333, 4.55, 4.5667, 4.5833, 4.6, 4.6167, 4.6333, 4.65, 4.6667, 4.6833, 4.7, 4.7167, 4.7333, 4.75, 4.7667, 4.7833, 4.8, 4.8167, 4.8333, 4.85, 4.8667, 4.8833, 4.9, 4.9167, 4.9333, 4.95, 4.9667, 4.9833, 5.0, 5.0167, 5.0333, 5.05, 5.0667, 5.0833, 5.1, 5.1167, 5.1333, 5.15, 5.1667, 5.1833, 5.2, 5.2167, 5.2333, 5.25, 5.2667, 5.2833, 5.3, 5.3167, 5.3333, 5.35, 5.3667, 5.3833, 5.4, 5.4167, 5.4333, 5.45, 5.4667, 5.4833, 5.5, 5.5167, 5.5333, 5.55, 5.5667, 5.5833, 5.6, 5.6167, 5.6333, 5.65, 5.6667, 5.6833, 5.7, 5.7167, 5.7333, 5.75, 5.7667, 5.7833, 5.8, 5.8167, 5.8333, 5.85, 5.8667, 5.8833, 5.9, 5.9167, 5.9333, 5.95, 5.9667, 5.9833, 6.0, 6.0167, 6.0333, 6.05, 6.0667, 6.0833, 6.1, 6.1167, 6.1333, 6.15, 6.1667, 6.1833, 6.2, 6.2167, 6.2333, 6.25, 6.2667, 6.2833, 6.3, 6.3167, 6.3333, 6.35],
            "transform": [
                [0.468841, -0.098928, -0.877725, -0.0, -0.111019, 0.979228, -0.169669, 0.400392, 0.876278, 0.176991, 0.448119, 0.0, 0.0, 0.0, 0.0, 1.0],
                [0.468841, -0.098937, -0.877724, -0.0, -0.111025, 0.979225, -0.169683, 0.400392, 0.876277, 0.177004, 0.448117, 0.0, 0.0, 0.0, 0.0, 1.0],
                [0.468844, -0.098965, -0.87772, 0.0, -0.111045, 0.979215, -0.169724, 0.400392, 0.876273, 0.177041, 0.44811, -0.0, 0.0, 0.0, 0.0, 1.0],
                [0.468848, -0.099011, -0.877712, -0.0, -0.111079, 0.979199, -0.169794, 0.400392, 0.876267, 0.177102, 0.448098, 0.0, 0.0, 0.0, 0.0, 1.0],
                [0.468854, -0.099075, -0.877702, -0.0, -0.111125, 0.979177, -0.169891, 0.400392, 0.876258, 0.177189, 0.448081, 0.0, 0.0, 0.0, 0.0, 1.0],
                [0.468861, -0.099159, -0.877689, -0.0, -0.111186, 0.979148, -0.170017, 0.400392, 0.876246, 0.177301, 0.448059, 0.0, 0.0, 0.0, 0.0, 1.0],
                [0.46887, -0.099261, -0.877672, -0.0, -0.11126, 0.979114, -0.17017, 0.400392, 0.876232, 0.177437, 0.448033, 0.0, 0.0, 0.0, 0.0, 1.0],
                [0.46888, -0.099382, -0.877653, -0.0, -0.111347, 0.979072, -0.170352, 0.400392, 0.876215, 0.177599, 0.448002, 0.0, 0.0, 0.0, 0.0, 1.0],
                [0.468893, -0.099521, -0.87763, -0.0, -0.111448, 0.979024, -0.170563, 0.400392, 0.876196, 0.177786, 0.447966, 0.0, 0.0, 0.0, 0.0, 1.0],
                [0.468907, -0.09968, -0.877605, -0.0, -0.111563, 0.978969, -0.170801, 0.400392, 0.876174, 0.177998, 0.447925, 0.0, 0.0, 0.0, 0.0, 1.0],
                [0.468922, -0.099857, -0.877576, -0.0, -0.111691, 0.978908, -0.171068, 0.400392, 0.876149, 0.178235, 0.447879, 0.0, 0.0, 0.0, 0.0, 1.0],
                [0.46894, -0.100053, -0.877545, -0.0, -0.111832, 0.97884, -0.171363, 0.400392, 0.876122, 0.178497, 0.447828, 0.0, 0.0, 0.0, 0.0, 1.0],
                [0.468959, -0.100268, -0.87751, -0.0, -0.111988, 0.978766, -0.171686, 0.400392, 0.876091, 0.178784, 0.447772, 0.0, 0.0, 0.0, 0.0, 1.0],
                [0.46898, -0.100501, -0.877472, -0.0, -0.112157, 0.978685, -0.172038, 0.400392, 0.876059, 0.179097, 0.447712, 0.0, 0.0, 0.0, 0.0, 1.0],
                [0.469003, -0.100753, -0.877431, -0.0, -0.112339, 0.978597, -0.172417, 0.400392, 0.876023, 0.179434, 0.447646, 0.0, 0.0, 0.0, 0.0, 1.0],
                [0.469027, -0.101024, -0.877387, -0.0, -0.112534, 0.978503, -0.172824, 0.400392, 0.875985, 0.179795, 0.447576, 0.0, 0.0, 0.0, 0.0, 1.0],
                [0.469054, -0.101313, -0.877339, -0.0, -0.112743, 0.978402, -0.173259, 0.400392, 0.875944, 0.180182, 0.447501, 0.0, 0.0, 0.0, 0.0, 1.0],
                [0.469082, -0.10162, -0.877289, -0.0, -0.112966, 0.978294, -0.173722, 0.400392, 0.8759, 0.180593, 0.44742, 0.0, 0.0, 0.0, 0.0, 1.0],
                [0.469112, -0.101945, -0.877235, -0.0, -0.113201, 0.97818, -0.174211, 0.400392, 0.875854, 0.181028, 0.447336, 0.0, 0.0, 0.0, 0.0, 1.0],
                [0.469144, -0.102288, -0.877178, 0.0, -0.113449, 0.978059, -0.174728, 0.400392, 0.875805, 0.181487, 0.447246, 0.0, 0.0, 0.0, 0.0, 1.0],
                [0.469178, -0.102649, -0.877118, -0.0, -0.11371, 0.977931, -0.175272, 0.400392, 0.875753, 0.18197, 0.447151, 0.0, 0.0, 0.0, 0.0, 1.0],
                [0.469213, -0.103028, -0.877054, 0.0, -0.113983, 0.977797, -0.175841, 0.400392, 0.875698, 0.182476, 0.447052, -0.0, 0.0, 0.0, 0.0, 1.0],
                [0.469251, -0.103423, -0.876988, -0.0, -0.114269, 0.977657, -0.176437, 0.400392, 0.875641, 0.183005, 0.446948, 0.0, 0.0, 0.0, 0.0, 1.0],
                [0.46929, -0.103835, -0.876918, -0.0, -0.114567, 0.97751, -0.177058, 0.400392, 0.875581, 0.183557, 0.44684, 0.0, 0.0, 0.0, 0.0, 1.0],
                [0.469332, -0.104264, -0.876845, -0.0, -0.114877, 0.977356, -0.177704, 0.400392, 0.875518, 0.184131, 0.446726, 0.0, 0.0, 0.0, 0.0, 1.0],
                [0.469375, -0.10471, -0.876769, -0.0, -0.115199, 0.977196, -0.178374, 0.400392, 0.875452, 0.184727, 0.446609, 0.0, 0.0, 0.0, 0.0, 1.0],
                [0.46942, -0.105171, -0.876689, 0.0, -0.115532, 0.97703, -0.179069, 0.400392, 0.875384, 0.185344, 0.446487, -0.0, 0.0, 0.0, 0.0, 1.0],
                [0.469467, -0.105647, -0.876607, -0.0, -0.115876, 0.976857, -0.179787, 0.400392, 0.875313, 0.185982, 0.44636, 0.0, 0.0, 0.0, 0.0, 1.0],
                [0.469516, -0.106139, -0.876521, -0.0, -0.116231, 0.976678, -0.180527, 0.400392, 0.87524, 0.18664, 0.446229, 0.0, 0.0, 0.0, 0.0, 1.0],
                [0.469567, -0.106645, -0.876433, -0.0, -0.116597, 0.976493, -0.181289, 0.400392, 0.875164, 0.187317, 0.446095, 0.0, 0.0, 0.0, 0.0, 1.0],
                [0.46962, -0.107165, -0.876341, -0.0, -0.116973, 0.976303, -0.182073, 0.400392, 0.875086, 0.188013, 0.445956, 0.0, 0.0, 0.0, 0.0, 1.0],
                [0.469674, -0.107699, -0.876246, 0.0, -0.117358, 0.976106, -0.182877, 0.400392, 0.875005, 0.188728, 0.445813, -0.0, 0.0, 0.0, 0.0, 1.0],
                [0.469731, -0.108245, -0.876148, -0.0, -0.117753, 0.975904, -0.183701, 0.400392, 0.874921, 0.189459, 0.445666, -0.0, 0.0, 0.0, 0.0, 1.0],
                [0.469789, -0.108804, -0.876048, 0.0, -0.118157, 0.975696, -0.184544, 0.400392, 0.874836, 0.190208, 0.445516, -0.0, 0.0, 0.0, 0.0, 1.0],
                [0.46985, -0.109375, -0.875944, 0.0, -0.118569, 0.975483, -0.185404, 0.400392, 0.874747, 0.190972, 0.445362, 0.0, 0.0, 0.0, 0.0, 1.0],
                [0.469911, -0.109957, -0.875838, -0.0, -0.11899, 0.975264, -0.186281, 0.400392, 0.874657, 0.191751, 0.445204, 0.0, 0.0, 0.0, 0.0, 1.0],
                [0.469975, -0.11055, -0.875729, 0.0, -0.119418, 0.975041, -0.187174, 0.400392, 0.874564, 0.192545, 0.445044, -0.0, 0.0, 0.0, 0.0, 1.0],
                [0.470041, -0.111152, -0.875618, 0.0, -0.119852, 0.974813, -0.188082, 0.400392, 0.87447, 0.193351, 0.44488, 0.0, 0.0, 0.0, 0.0, 1.0],
                [0.470108, -0.111764, -0.875504, -0.0, -0.120294, 0.97458, -0.189004, 0.400392, 0.874373, 0.19417, 0.444714, 0.0, 0.0, 0.0, 0.0, 1.0],
                [0.470176, -0.112384, -0.875388, 0.0, -0.120741, 0.974343, -0.189938, 0.400392, 0.874274, 0.195, 0.444544, 0.0, 0.0, 0.0, 0.0, 1.0],
                [0.470247, -0.113011, -0.875269, -0.0, -0.121194, 0.974102, -0.190884, 0.400392, 0.874174, 0.19584, 0.444372, 0.0, 0.0, 0.0, 0.0, 1.0],
                [0.470318, -0.113645, -0.875149, 0.0, -0.121652, 0.973857, -0.191841, 0.400392, 0.874072, 0.196689, 0.444198, -0.0, 0.0, 0.0, 0.0, 1.0],
                [0.470392, -0.114285, -0.875026, -0.0, -0.122113, 0.973609, -0.192806, 0.400392, 0.873968, 0.197547, 0.444022, 0.0, 0.0, 0.0, 0.0, 1.0],
                [0.470466, -0.114931, -0.874902, -0.0, -0.122579, 0.973357, -0.193779, 0.400392, 0.873863, 0.198411, 0.443843, 0.0, 0.0, 0.0, 0.0, 1.0],
                [0.470542, -0.11558, -0.874775, -0.0, -0.123048, 0.973102, -0.194759, 0.400392, 0.873756, 0.199282, 0.443664, 0.0, 0.0, 0.0, 0.0, 1.0],
                [0.470619, -0.116234, -0.874647, -0.0, -0.123519, 0.972845, -0.195745, 0.400392, 0.873648, 0.200157, 0.443482, 0.0, 0.0, 0.0, 0.0, 1.0],
                [0.470697, -0.11689, -0.874518, -0.0, -0.123992, 0.972585, -0.196735, 0.400392, 0.873539, 0.201036, 0.443299, 0.0, 0.0, 0.0, 0.0, 1.0],
                [0.470776, -0.117548, -0.874387, -0.0, -0.124467, 0.972323, -0.197727, 0.400392, 0.873429, 0.201917, 0.443116, 0.0, 0.0, 0.0, 0.0, 1.0],
                [0.470856, -0.118206, -0.874255, -0.0, -0.124942, 0.972059, -0.198721, 0.400392, 0.873318, 0.2028, 0.442931, 0.0, 0.0, 0.0, 0.0, 1.0],
                [0.470937, -0.118865, -0.874122, -0.0, -0.125417, 0.971794, -0.199716, 0.400392, 0.873206, 0.203683, 0.442746, 0.0, 0.0, 0.0, 0.0, 1.0],
                [0.471018, -0.119524, -0.873989, -0.0, -0.125891, 0.971528, -0.200709, 0.400392, 0.873094, 0.204565, 0.442561, 0.0, 0.0, 0.0, 0.0, 1.0],
                [0.4711, -0.12018, -0.873854, -0.0, -0.126365, 0.971262, -0.2017, 0.400392, 0.872981, 0.205445, 0.442375, 0.0, 0.0, 0.0, 0.0, 1.0],
                [0.471183, -0.120834, -0.87372, -0.0, -0.126836, 0.970994, -0.202688, 0.400392, 0.872869, 0.206322, 0.44219, 0.0, 0.0, 0.0, 0.0, 1.0],
                [0.471266, -0.121485, -0.873584, -0.0, -0.127305, 0.970727, -0.20367, 0.400392, 0.872755, 0.207194, 0.442005, 0.0, 0.0, 0.0, 0.0, 1.0],
                [0.471349, -0.122132, -0.873449, -0.0, -0.127771, 0.970461, -0.204647, 0.400392, 0.872642, 0.208062, 0.441821, -0.0, 0.0, 0.0, 0.0, 1.0],
                [0.471432, -0.122773, -0.873315, -0.0, -0.128233, 0.970195, -0.205616, 0.400392, 0.87253, 0.208922, 0.441638, 0.0, 0.0, 0.0, 0.0, 1.0],
                [0.471516, -0.123409, -0.87318, -0.0, -0.128691, 0.96993, -0.206576, 0.400392, 0.872417, 0.209775, 0.441456, 0.0, 0.0, 0.0, 0.0, 1.0],
                [0.471599, -0.124039, -0.873046, -0.0, -0.129145, 0.969667, -0.207527, 0.400392, 0.872305, 0.210619, 0.441275, 0.0, 0.0, 0.0, 0.0, 1.0],
                [0.471682, -0.124661, -0.872912, -0.0, -0.129593, 0.969406, -0.208467, 0.400392, 0.872194, 0.211453, 0.441096, 0.0, 0.0, 0.0, 0.0, 1.0],
                [0.471764, -0.125275, -0.87278, -0.0, -0.130035, 0.969146, -0.209395, 0.400392, 0.872083, 0.212277, 0.440918, 0.0, 0.0, 0.0, 0.0, 1.0],
                [0.471846, -0.12588, -0.872648, -0.0, -0.130471, 0.96889, -0.210309, 0.400392, 0.871974, 0.213089, 0.440743, 0.0, 0.0, 0.0, 0.0, 1.0],
                [0.471928, -0.126476, -0.872518, 0.0, -0.1309, 0.968636, -0.211209, 0.400392, 0.871866, 0.213888, 0.440571, 0.0, 0.0, 0.0, 0.0, 1.0],
                [0.472008, -0.127061, -0.87239, -0.0, -0.131321, 0.968386, -0.212094, 0.400392, 0.871759, 0.214673, 0.4404, 0.0, 0.0, 0.0, 0.0, 1.0],
                [0.472088, -0.127636, -0.872263, -0.0, -0.131735, 0.968139, -0.212963, 0.400392, 0.871653, 0.215444, 0.440233, 0.0, 0.0, 0.0, 0.0, 1.0],
                [0.472167, -0.128199, -0.872137, 0.0, -0.13214, 0.967896, -0.213814, 0.400392, 0.871549, 0.2162, 0.440068, 0.0, 0.0, 0.0, 0.0, 1.0],
                [0.472244, -0.12875, -0.872014, -0.0, -0.132536, 0.967657, -0.214647, 0.400392, 0.871447, 0.216939, 0.439907, 0.0, 0.0, 0.0, 0.0, 1.0],
                [0.472321, -0.129288, -0.871893, -0.0, -0.132924, 0.967423, -0.215461, 0.400392, 0.871346, 0.217662, 0.439749, 0.0, 0.0, 0.0, 0.0, 1.0],
                [0.472396, -0.129813, -0.871774, -0.0, -0.133302, 0.967194, -0.216255, 0.400392, 0.871248, 0.218367, 0.439594, 0.0, 0.0, 0.0, 0.0, 1.0],
                [0.47247, -0.130325, -0.871658, -0.0, -0.13367, 0.96697, -0.217029, 0.400392, 0.871152, 0.219054, 0.439444, 0.0, 0.0, 0.0, 0.0, 1.0],
                [0.472542, -0.130822, -0.871545, -0.0, -0.134027, 0.966751, -0.217781, 0.400392, 0.871058, 0.219721, 0.439297, 0.0, 0.0, 0.0, 0.0, 1.0],
                [0.472612, -0.131305, -0.871434, -0.0, -0.134374, 0.966538, -0.218511, 0.400392, 0.870966, 0.220369, 0.439154, 0.0, 0.0, 0.0, 0.0, 1.0],
                [0.47268, -0.131772, -0.871326, -0.0, -0.134711, 0.966331, -0.219218, 0.400392, 0.870877, 0.220997, 0.439015, 0.0, 0.0, 0.0, 0.0, 1.0],
                [0.472747, -0.132224, -0.871221, -0.0, -0.135036, 0.96613, -0.219902, 0.400392, 0.87079, 0.221604, 0.438881, 0.0, 0.0, 0.0, 0.0, 1.0],
                [0.472812, -0.132661, -0.87112, -0.0, -0.135349, 0.965936, -0.220562, 0.400392, 0.870706, 0.22219, 0.438751, 0.0, 0.0, 0.0, 0.0, 1.0],
                [0.472875, -0.133081, -0.871022, -0.0, -0.135651, 0.965748, -0.221198, 0.400392, 0.870625, 0.222754, 0.438625, 0.0, 0.0, 0.0, 0.0, 1.0],
                [0.472935, -0.133484, -0.870927, -0.0, -0.135942, 0.965567, -0.221809, 0.400392, 0.870547, 0.223296, 0.438505, 0.0, 0.0, 0.0, 0.0, 1.0],
                [0.472993, -0.133871, -0.870836, -0.0, -0.13622, 0.965394, -0.222394, 0.400392, 0.870472, 0.223816, 0.438389, 0.0, 0.0, 0.0, 0.0, 1.0],
                [0.473049, -0.134241, -0.870749, -0.0, -0.136485, 0.965227, -0.222954, 0.400392, 0.8704, 0.224313, 0.438278, 0.0, 0.0, 0.0, 0.0, 1.0],
                [0.473103, -0.134593, -0.870665, -0.0, -0.136739, 0.965068, -0.223488, 0.400392, 0.870331, 0.224786, 0.438172, 0.0, 0.0, 0.0, 0.0, 1.0],
                [0.473154, -0.134928, -0.870586, -0.0, -0.13698, 0.964916, -0.223995, 0.400392, 0.870265, 0.225237, 0.438072, 0.0, 0.0, 0.0, 0.0, 1.0],
                [0.473203, -0.135246, -0.87051, -0.0, -0.137208, 0.964772, -0.224476, 0.400392, 0.870203, 0.225663, 0.437976, 0.0, 0.0, 0.0, 0.0, 1.0],
                [0.473249, -0.135546, -0.870438, 0.0, -0.137423, 0.964635, -0.22493, 0.400392, 0.870144, 0.226066, 0.437886, -0.0, 0.0, 0.0, 0.0, 1.0],
                [0.473292, -0.135827, -0.870371, -0.0, -0.137626, 0.964507, -0.225356, 0.400392, 0.870088, 0.226445, 0.437801, 0.0, 0.0, 0.0, 0.0, 1.0],
                [0.473333, -0.136091, -0.870307, -0.0, -0.137815, 0.964387, -0.225756, 0.400392, 0.870036, 0.226799, 0.437721, 0.0, 0.0, 0.0, 0.0, 1.0],
                [0.473371, -0.136336, -0.870248, -0.0, -0.137992, 0.964274, -0.226127, 0.400392, 0.869987, 0.227129, 0.437647, 0.0, 0.0, 0.0, 0.0, 1.0],
                [0.473407, -0.136564, -0.870193, -0.0, -0.138155, 0.96417, -0.226472, 0.400392, 0.869942, 0.227435, 0.437578, 0.0, 0.0, 0.0, 0.0, 1.0],
                [0.47344, -0.136773, -0.870143, 0.0, -0.138305, 0.964074, -0.226789, 0.400392, 0.869901, 0.227716, 0.437514, -0.0, 0.0, 0.0, 0.0, 1.0],
                [0.473469, -0.136964, -0.870096, 0.0, -0.138442, 0.963986, -0.227077, 0.400392, 0.869862, 0.227972, 0.437456, 0.0, 0.0, 0.0, 0.0, 1.0],
                [0.473496, -0.137136, -0.870054, 0.0, -0.138566, 0.963907, -0.227339, 0.400392, 0.869828, 0.228204, 0.437404, 0.0, 0.0, 0.0, 0.0, 1.0],
                [0.473521, -0.13729, -0.870017, -0.0, -0.138677, 0.963836, -0.227572, 0.400392, 0.869797, 0.228411, 0.437357, 0.0, 0.0, 0.0, 0.0, 1.0],
