{
    "animation": [
        {
            "name": "Root",
            "time": [0.0, 0.0333, 0.0667, 0.1, 0.1333, 0.1667, 0.2, 0.2333, 0.2667, 0.3, 0.3333, 0.3667, 0.4, 0.4333, 0.4667, 0.5, 0.5333, 0.5667, 0.6, 0.6333, 0.6667, 0.7, 0.7333, 0.7667, 0.8, 0.8333, 0.8667, 0.9, 0.9333, 0.9667, 1.0, 1.0333, 1.0667, 1.1, 1.1333, 1.1667, 1.2, 1.2333, 1.2667, 1.3, 1.3333, 1.3667, 1.4, 1.4333, 1.4667, 1.5, 1.5333, 1.5667, 1.6, 1.6333, 1.6667, 1.7, 1.7333, 1.7667, 1.8, 1.8333, 1.8667, 1.9, 1.9333, 1.9667, 2.0, 2.0333, 2.0667, 2.1, 2.1333, 2.1667, 2.2, 2.2333, 2.2667, 2.3, 2.3333, 2.3667, 2.4, 2.4333, 2.4667, 2.5, 2.5333, 2.5667, 2.6, 2.6333, 2.6667, 2.7, 2.7333, 2.7667, 2.8, 2.8333, 2.8667, 2.9, 2.9333, 2.9667, 3.0, 3.0333, 3.0667, 3.1, 3.1333, 3.1667, 3.2, 3.2333, 3.2667, 3.3, 3.3333, 3.3667, 3.4, 3.4333, 3.4667, 3.5, 3.5333, 3.5667, 3.6, 3.6333, 3.6667, 3.7, 3.7333, 3.7667, 3.8, 3.8333, 3.8667, 3.9, 3.9333, 3.9667, 4.0, 4.0333, 4.0667, 4.1, 4.1333, 4.1667, 4.2, 4.2333, 4.2667, 4.3, 4.3333, 4.3667, 4.4],
            "transform": [
                [1.0, 0.0, 0.0, -5e-06, 0.0, -0.0, -1.0, 0.000946, 0.0, 1.0, -0.0, 0.763972, 0.0, 0.0, 0.0, 1.0],
                [1.0, 0.0, 0.0, -5e-06, 0.0, -0.0, -1.0, 0.000946, 0.0, 1.0, -0.0, 0.763972, 0.0, 0.0, 0.0, 1.0],
                [1.0, 0.0, 0.0, -5e-06, 0.0, -0.0, -1.0, 0.000946, 0.0, 1.0, -0.0, 0.763972, 0.0, 0.0, 0.0, 1.0],
                [1.0, 0.0, 0.0, -5e-06, 0.0, -0.0, -1.0, 0.000946, 0.0, 1.0, -0.0, 0.763972, 0.0, 0.0, 0.0, 1.0],
                [1.0, 0.0, 0.0, -5e-06, 0.0, -0.0, -1.0, 0.000946, 0.0, 1.0, -0.0, 0.763972, 0.0, 0.0, 0.0, 1.0],
                [1.0, 0.0, 0.0, -5e-06, 0.0, -0.0, -1.0, 0.000946, 0.0, 1.0, -0.0, 0.763972, 0.0, 0.0, 0.0, 1.0],
                [1.0, 0.0, 0.0, -5e-06, 0.0, -0.0, -1.0, 0.000946, 0.0, 1.0, -0.0, 0.763972, 0.0, 0.0, 0.0, 1.0],
                [1.0, 0.0, 0.0, -5e-06, 0.0, -0.0, -1.0, 0.000946, 0.0, 1.0, -0.0, 0.763972, 0.0, 0.0, 0.0, 1.0],
                [1.0, 0.0, 0.0, -5e-06, 0.0, -0.0, -1.0, 0.000946, 0.0, 1.0, -0.0, 0.763972, 0.0, 0.0, 0.0, 1.0],
                [1.0, 0.0, 0.0, -5e-06, 0.0, -0.0, -1.0, 0.000946, 0.0, 1.0, -0.0, 0.763972, 0.0, 0.0, 0.0, 1.0],
                [1.0, 0.0, 0.0, -5e-06, 0.0, -0.0, -1.0, 0.000946, 0.0, 1.0, -0.0, 0.763972, 0.0, 0.0, 0.0, 1.0],
                [1.0, 0.0, 0.0, -5e-06, 0.0, -0.0, -1.0, 0.000946, 0.0, 1.0, -0.0, 0.763972, 0.0, 0.0, 0.0, 1.0],
                [1.0, 0.0, 0.0, -5e-06, 0.0, -0.0, -1.0, 0.000946, 0.0, 1.0, -0.0, 0.763972, 0.0, 0.0, 0.0, 1.0],
                [1.0, 0.0, 0.0, -5e-06, 0.0, -0.0, -1.0, 0.000946, 0.0, 1.0, -0.0, 0.763972, 0.0, 0.0, 0.0, 1.0],
                [1.0, 0.0, 0.0, -5e-06, 0.0, -0.0, -1.0, 0.000946, 0.0, 1.0, -0.0, 0.763972, 0.0, 0.0, 0.0, 1.0],
                [1.0, 0.0, 0.0, -5e-06, 0.0, -0.0, -1.0, 0.000946, 0.0, 1.0, -0.0, 0.763972, 0.0, 0.0, 0.0, 1.0],
                [1.0, 0.0, 0.0, -5e-06, 0.0, -0.0, -1.0, 0.000946, 0.0, 1.0, -0.0, 0.763972, 0.0, 0.0, 0.0, 1.0],
                [1.0, 0.0, 0.0, -5e-06, 0.0, -0.0, -1.0, 0.000946, 0.0, 1.0, -0.0, 0.763972, 0.0, 0.0, 0.0, 1.0],
                [1.0, 0.0, 0.0, -5e-06, 0.0, -0.0, -1.0, 0.000946, 0.0, 1.0, -0.0, 0.763972, 0.0, 0.0, 0.0, 1.0],
                [1.0, 0.0, 0.0, -5e-06, 0.0, -0.0, -1.0, 0.000946, 0.0, 1.0, -0.0, 0.763972, 0.0, 0.0, 0.0, 1.0],
                [1.0, 0.0, 0.0, -5e-06, 0.0, -0.0, -1.0, 0.000946, 0.0, 1.0, -0.0, 0.763972, 0.0, 0.0, 0.0, 1.0],
                [1.0, 0.0, 0.0, -5e-06, 0.0, -0.0, -1.0, 0.000946, 0.0, 1.0, -0.0, 0.763972, 0.0, 0.0, 0.0, 1.0],
                [1.0, 0.0, 0.0, -5e-06, 0.0, -0.0, -1.0, 0.000946, 0.0, 1.0, -0.0, 0.763972, 0.0, 0.0, 0.0, 1.0],
                [1.0, 0.0, 0.0, -5e-06, 0.0, -0.0, -1.0, 0.000946, 0.0, 1.0, -0.0, 0.763972, 0.0, 0.0, 0.0, 1.0],
                [1.0, 0.0, 0.0, -5e-06, 0.0, -0.0, -1.0, 0.000946, 0.0, 1.0, -0.0, 0.763972, 0.0, 0.0, 0.0, 1.0],
                [1.0, 0.0, 0.0, -5e-06, 0.0, -0.0, -1.0, 0.000946, 0.0, 1.0, -0.0, 0.763972, 0.0, 0.0, 0.0, 1.0],
                [1.0, 0.0, 0.0, -5e-06, 0.0, -0.0, -1.0, 0.000946, 0.0, 1.0, -0.0, 0.763972, 0.0, 0.0, 0.0, 1.0],
                [1.0, 0.0, 0.0, -5e-06, 0.0, -0.0, -1.0, 0.000946, 0.0, 1.0, -0.0, 0.763972, 0.0, 0.0, 0.0, 1.0],
                [1.0, 0.0, 0.0, -5e-06, 0.0, -0.0, -1.0, 0.000946, 0.0, 1.0, -0.0, 0.763972, 0.0, 0.0, 0.0, 1.0],
                [1.0, 0.0, 0.0, -5e-06, 0.0, -0.0, -1.0, 0.000946, 0.0, 1.0, -0.0, 0.763972, 0.0, 0.0, 0.0, 1.0],
                [1.0, 0.0, 0.0, -5e-06, 0.0, -0.0, -1.0, 0.000946, 0.0, 1.0, -0.0, 0.763972, 0.0, 0.0, 0.0, 1.0],
                [1.0, 0.0, 0.0, -5e-06, 0.0, -0.0, -1.0, 0.000946, 0.0, 1.0, -0.0, 0.763972, 0.0, 0.0, 0.0, 1.0],
                [1.0, 0.0, 0.0, -5e-06, 0.0, -0.0, -1.0, 0.000946, 0.0, 1.0, -0.0, 0.763972, 0.0, 0.0, 0.0, 1.0],
                [1.0, 0.0, 0.0, -5e-06, 0.0, -0.0, -1.0, 0.000946, 0.0, 1.0, -0.0, 0.763972, 0.0, 0.0, 0.0, 1.0],
                [1.0, 0.0, 0.0, -5e-06, 0.0, -0.0, -1.0, 0.000946, 0.0, 1.0, -0.0, 0.763972, 0.0, 0.0, 0.0, 1.0],
                [1.0, 0.0, 0.0, -5e-06, 0.0, -0.0, -1.0, 0.000946, 0.0, 1.0, -0.0, 0.763972, 0.0, 0.0, 0.0, 1.0],
                [1.0, 0.0, 0.0, -5e-06, 0.0, -0.0, -1.0, 0.000946, 0.0, 1.0, -0.0, 0.763972, 0.0, 0.0, 0.0, 1.0],
                [1.0, 0.0, 0.0, -5e-06, 0.0, -0.0, -1.0, 0.000946, 0.0, 1.0, -0.0, 0.763972, 0.0, 0.0, 0.0, 1.0],
                [1.0, 0.0, 0.0, -5e-06, 0.0, -0.0, -1.0, 0.000946, 0.0, 1.0, -0.0, 0.763972, 0.0, 0.0, 0.0, 1.0],
                [1.0, 0.0, 0.0, -5e-06, 0.0, -0.0, -1.0, 0.000946, 0.0, 1.0, -0.0, 0.763972, 0.0, 0.0, 0.0, 1.0],
                [1.0, 0.0, 0.0, -5e-06, 0.0, -0.0, -1.0, 0.000946, 0.0, 1.0, -0.0, 0.763972, 0.0, 0.0, 0.0, 1.0],
                [1.0, 0.0, 0.0, -5e-06, 0.0, -0.0, -1.0, 0.000946, 0.0, 1.0, -0.0, 0.763972, 0.0, 0.0, 0.0, 1.0],
                [1.0, 0.0, 0.0, -5e-06, 0.0, -0.0, -1.0, 0.000946, 0.0, 1.0, -0.0, 0.763972, 0.0, 0.0, 0.0, 1.0],
                [1.0, 0.0, 0.0, -5e-06, 0.0, -0.0, -1.0, 0.000946, 0.0, 1.0, -0.0, 0.763972, 0.0, 0.0, 0.0, 1.0],
                [1.0, 0.0, 0.0, -5e-06, 0.0, -0.0, -1.0, 0.000946, 0.0, 1.0, -0.0, 0.763972, 0.0, 0.0, 0.0, 1.0],
                [1.0, 0.0, 0.0, -5e-06, 0.0, -0.0, -1.0, 0.000946, 0.0, 1.0, -0.0, 0.763972, 0.0, 0.0, 0.0, 1.0],
                [1.0, 0.0, 0.0, -5e-06, 0.0, -0.0, -1.0, 0.000946, 0.0, 1.0, -0.0, 0.763972, 0.0, 0.0, 0.0, 1.0],
                [1.0, 0.0, 0.0, -5e-06, 0.0, -0.0, -1.0, 0.000946, 0.0, 1.0, -0.0, 0.763972, 0.0, 0.0, 0.0, 1.0],
                [1.0, 0.0, 0.0, -5e-06, 0.0, -0.0, -1.0, 0.000946, 0.0, 1.0, -0.0, 0.763972, 0.0, 0.0, 0.0, 1.0],
                [1.0, 0.0, 0.0, -5e-06, 0.0, -0.0, -1.0, 0.000946, 0.0, 1.0, -0.0, 0.763972, 0.0, 0.0, 0.0, 1.0],
                [1.0, 0.0, 0.0, -5e-06, 0.0, -0.0, -1.0, 0.000946, 0.0, 1.0, -0.0, 0.763972, 0.0, 0.0, 0.0, 1.0],
                [1.0, 0.0, 0.0, -5e-06, 0.0, -0.0, -1.0, 0.000946, 0.0, 1.0, -0.0, 0.763972, 0.0, 0.0, 0.0, 1.0],
                [1.0, 0.0, 0.0, -5e-06, 0.0, -0.0, -1.0, 0.000946, 0.0, 1.0, -0.0, 0.763972, 0.0, 0.0, 0.0, 1.0],
                [1.0, 0.0, 0.0, -5e-06, 0.0, -0.0, -1.0, 0.000946, 0.0, 1.0, -0.0, 0.763972, 0.0, 0.0, 0.0, 1.0],
                [1.0, 0.0, 0.0, -5e-06, 0.0, -0.0, -1.0, 0.000946, 0.0, 1.0, -0.0, 0.763972, 0.0, 0.0, 0.0, 1.0],
                [1.0, 0.0, 0.0, -5e-06, 0.0, -0.0, -1.0, 0.000946, 0.0, 1.0, -0.0, 0.763972, 0.0, 0.0, 0.0, 1.0],
                [1.0, 0.0, 0.0, -5e-06, 0.0, -0.0, -1.0, 0.000946, 0.0, 1.0, -0.0, 0.763972, 0.0, 0.0, 0.0, 1.0],
                [1.0, 0.0, 0.0, -5e-06, 0.0, -0.0, -1.0, 0.000946, 0.0, 1.0, -0.0, 0.763972, 0.0, 0.0, 0.0, 1.0],
                [1.0, 0.0, 0.0, -5e-06, 0.0, -0.0, -1.0, 0.000946, 0.0, 1.0, -0.0, 0.763972, 0.0, 0.0, 0.0, 1.0],
                [1.0, 0.0, 0.0, -5e-06, 0.0, -0.0, -1.0, 0.000946, 0.0, 1.0, -0.0, 0.763972, 0.0, 0.0, 0.0, 1.0],
                [1.0, 0.0, 0.0, -5e-06, 0.0, -0.0, -1.0, 0.000946, 0.0, 1.0, -0.0, 0.763972, 0.0, 0.0, 0.0, 1.0],
                [1.0, 0.0, 0.0, -5e-06, 0.0, -0.0, -1.0, 0.000946, 0.0, 1.0, -0.0, 0.763972, 0.0, 0.0, 0.0, 1.0],
                [1.0, 0.0, 0.0, -5e-06, 0.0, -0.0, -1.0, 0.000946, 0.0, 1.0, -0.0, 0.763972, 0.0, 0.0, 0.0, 1.0],
                [1.0, 0.0, 0.0, -5e-06, 0.0, -0.0, -1.0, 0.000946, 0.0, 1.0, -0.0, 0.763972, 0.0, 0.0, 0.0, 1.0],
                [1.0, 0.0, 0.0, -5e-06, 0.0, -0.0, -1.0, 0.000946, 0.0, 1.0, -0.0, 0.763972, 0.0, 0.0, 0.0, 1.0],
                [1.0, 0.0, 0.0, -5e-06, 0.0, -0.0, -1.0, 0.000946, 0.0, 1.0, -0.0, 0.763972, 0.0, 0.0, 0.0, 1.0],
                [1.0, 0.0, 0.0, -5e-06, 0.0, -0.0, -1.0, 0.000946, 0.0, 1.0, -0.0, 0.763972, 0.0, 0.0, 0.0, 1.0],
                [1.0, 0.0, 0.0, -5e-06, 0.0, -0.0, -1.0, 0.000946, 0.0, 1.0, -0.0, 0.763972, 0.0, 0.0, 0.0, 1.0],
                [1.0, 0.0, 0.0, -5e-06, 0.0, -0.0, -1.0, 0.000946, 0.0, 1.0, -0.0, 0.763972, 0.0, 0.0, 0.0, 1.0],
                [1.0, 0.0, 0.0, -5e-06, 0.0, -0.0, -1.0, 0.000946, 0.0, 1.0, -0.0, 0.763972, 0.0, 0.0, 0.0, 1.0],
                [1.0, 0.0, 0.0, -5e-06, 0.0, -0.0, -1.0, 0.000946, 0.0, 1.0, -0.0, 0.763972, 0.0, 0.0, 0.0, 1.0],
                [1.0, 0.0, 0.0, -5e-06, 0.0, -0.0, -1.0, 0.000946, 0.0, 1.0, -0.0, 0.763972, 0.0, 0.0, 0.0, 1.0],
                [1.0, 0.0, 0.0, -5e-06, 0.0, -0.0, -1.0, 0.000946, 0.0, 1.0, -0.0, 0.763972, 0.0, 0.0, 0.0, 1.0],
                [1.0, 0.0, 0.0, -5e-06, 0.0, -0.0, -1.0, 0.000946, 0.0, 1.0, -0.0, 0.763972, 0.0, 0.0, 0.0, 1.0],
                [1.0, 0.0, 0.0, -5e-06, 0.0, -0.0, -1.0, 0.000946, 0.0, 1.0, -0.0, 0.763972, 0.0, 0.0, 0.0, 1.0],
                [1.0, 0.0, 0.0, -5e-06, 0.0, -0.0, -1.0, 0.000946, 0.0, 1.0, -0.0, 0.763972, 0.0, 0.0, 0.0, 1.0],
                [1.0, 0.0, 0.0, -5e-06, 0.0, -0.0, -1.0, 0.000946, 0.0, 1.0, -0.0, 0.763972, 0.0, 0.0, 0.0, 1.0],
                [1.0, 0.0, 0.0, -5e-06, 0.0, -0.0, -1.0, 0.000946, 0.0, 1.0, -0.0, 0.763972, 0.0, 0.0, 0.0, 1.0],
                [1.0, 0.0, 0.0, -5e-06, 0.0, -0.0, -1.0, 0.000946, 0.0, 1.0, -0.0, 0.763972, 0.0, 0.0, 0.0, 1.0],
                [1.0, 0.0, 0.0, -5e-06, 0.0, -0.0, -1.0, 0.000946, 0.0, 1.0, -0.0, 0.763972, 0.0, 0.0, 0.0, 1.0],
                [1.0, 0.0, 0.0, -5e-06, 0.0, -0.0, -1.0, 0.000946, 0.0, 1.0, -0.0, 0.763972, 0.0, 0.0, 0.0, 1.0],
                [1.0, 0.0, 0.0, -5e-06, 0.0, -0.0, -1.0, 0.000946, 0.0, 1.0, -0.0, 0.763972, 0.0, 0.0, 0.0, 1.0],
                [1.0, 0.0, 0.0, -5e-06, 0.0, -0.0, -1.0, 0.000946, 0.0, 1.0, -0.0, 0.763972, 0.0, 0.0, 0.0, 1.0],
                [1.0, 0.0, 0.0, -5e-06, 0.0, -0.0, -1.0, 0.000946, 0.0, 1.0, -0.0, 0.763972, 0.0, 0.0, 0.0, 1.0],
                [1.0, 0.0, 0.0, -5e-06, 0.0, -0.0, -1.0, 0.000946, 0.0, 1.0, -0.0, 0.763972, 0.0, 0.0, 0.0, 1.0],
                [1.0, 0.0, 0.0, -5e-06, 0.0, -0.0, -1.0, 0.000946, 0.0, 1.0, -0.0, 0.763972, 0.0, 0.0, 0.0, 1.0],
                [1.0, 0.0, 0.0, -5e-06, 0.0, -0.0, -1.0, 0.000946, 0.0, 1.0, -0.0, 0.763972, 0.0, 0.0, 0.0, 1.0],
                [1.0, 0.0, 0.0, -5e-06, 0.0, -0.0, -1.0, 0.000946, 0.0, 1.0, -0.0, 0.763972, 0.0, 0.0, 0.0, 1.0],
                [1.0, 0.0, 0.0, -5e-06, 0.0, -0.0, -1.0, 0.000946, 0.0, 1.0, -0.0, 0.763972, 0.0, 0.0, 0.0, 1.0],
                [1.0, 0.0, 0.0, -5e-06, 0.0, -0.0, -1.0, 0.000946, 0.0, 1.0, -0.0, 0.763972, 0.0, 0.0, 0.0, 1.0],
                [1.0, 0.0, 0.0, -5e-06, 0.0, -0.0, -1.0, 0.000946, 0.0, 1.0, -0.0, 0.763972, 0.0, 0.0, 0.0, 1.0],
                [1.0, 0.0, 0.0, -5e-06, 0.0, -0.0, -1.0, 0.000946, 0.0, 1.0, -0.0, 0.763972, 0.0, 0.0, 0.0, 1.0],
                [1.0, 0.0, 0.0, -5e-06, 0.0, -0.0, -1.0, 0.000946, 0.0, 1.0, -0.0, 0.763972, 0.0, 0.0, 0.0, 1.0],
                [1.0, 0.0, 0.0, -5e-06, 0.0, -0.0, -1.0, 0.000946, 0.0, 1.0, -0.0, 0.763972, 0.0, 0.0, 0.0, 1.0],
                [1.0, 0.0, 0.0, -5e-06, 0.0, -0.0, -1.0, 0.000946, 0.0, 1.0, -0.0, 0.763972, 0.0, 0.0, 0.0, 1.0],
                [1.0, 0.0, 0.0, -5e-06, 0.0, -0.0, -1.0, 0.000946, 0.0, 1.0, -0.0, 0.763972, 0.0, 0.0, 0.0, 1.0],
                [1.0, 0.0, 0.0, -5e-06, 0.0, -0.0, -1.0, 0.000946, 0.0, 1.0, -0.0, 0.763972, 0.0, 0.0, 0.0, 1.0],
                [1.0, 0.0, 0.0, -5e-06, 0.0, -0.0, -1.0, 0.000946, 0.0, 1.0, -0.0, 0.763972, 0.0, 0.0, 0.0, 1.0],
                [1.0, 0.0, 0.0, -5e-06, 0.0, -0.0, -1.0, 0.000946, 0.0, 1.0, -0.0, 0.763972, 0.0, 0.0, 0.0, 1.0],
                [1.0, 0.0, 0.0, -5e-06, 0.0, -0.0, -1.0, 0.000946, 0.0, 1.0, -0.0, 0.763972, 0.0, 0.0, 0.0, 1.0],
                [1.0, 0.0, 0.0, -5e-06, 0.0, -0.0, -1.0, 0.000946, 0.0, 1.0, -0.0, 0.763972, 0.0, 0.0, 0.0, 1.0],
                [1.0, 0.0, 0.0, -5e-06, 0.0, -0.0, -1.0, 0.000946, 0.0, 1.0, -0.0, 0.763972, 0.0, 0.0, 0.0, 1.0],
                [1.0, 0.0, 0.0, -5e-06, 0.0, -0.0, -1.0, 0.000946, 0.0, 1.0, -0.0, 0.763972, 0.0, 0.0, 0.0, 1.0],
                [1.0, 0.0, 0.0, -5e-06, 0.0, -0.0, -1.0, 0.000946, 0.0, 1.0, -0.0, 0.763972, 0.0, 0.0, 0.0, 1.0],
                [1.0, 0.0, 0.0, -5e-06, 0.0, -0.0, -1.0, 0.000946, 0.0, 1.0, -0.0, 0.763972, 0.0, 0.0, 0.0, 1.0],
                [1.0, 0.0, 0.0, -5e-06, 0.0, -0.0, -1.0, 0.000946, 0.0, 1.0, -0.0, 0.763972, 0.0, 0.0, 0.0, 1.0],
                [1.0, 0.0, 0.0, -5e-06, 0.0, -0.0, -1.0, 0.000946, 0.0, 1.0, -0.0, 0.763972, 0.0, 0.0, 0.0, 1.0],
                [1.0, 0.0, 0.0, -5e-06, 0.0, -0.0, -1.0, 0.000946, 0.0, 1.0, -0.0, 0.763972, 0.0, 0.0, 0.0, 1.0],
                [1.0, 0.0, 0.0, -5e-06, 0.0, -0.0, -1.0, 0.000946, 0.0, 1.0, -0.0, 0.763972, 0.0, 0.0, 0.0, 1.0],
                [1.0, 0.0, 0.0, -5e-06, 0.0, -0.0, -1.0, 0.000946, 0.0, 1.0, -0.0, 0.763972, 0.0, 0.0, 0.0, 1.0],
                [1.0, 0.0, 0.0, -5e-06, 0.0, -0.0, -1.0, 0.000946, 0.0, 1.0, -0.0, 0.763972, 0.0, 0.0, 0.0, 1.0],
                [1.0, 0.0, 0.0, -5e-06, 0.0, -0.0, -1.0, 0.000946, 0.0, 1.0, -0.0, 0.763972, 0.0, 0.0, 0.0, 1.0],
                [1.0, 0.0, 0.0, -5e-06, 0.0, -0.0, -1.0, 0.000946, 0.0, 1.0, -0.0, 0.763972, 0.0, 0.0, 0.0, 1.0],
                [1.0, 0.0, 0.0, -5e-06, 0.0, -0.0, -1.0, 0.000946, 0.0, 1.0, -0.0, 0.763972, 0.0, 0.0, 0.0, 1.0],
                [1.0, 0.0, 0.0, -5e-06, 0.0, -0.0, -1.0, 0.000946, 0.0, 1.0, -0.0, 0.763972, 0.0, 0.0, 0.0, 1.0],
                [1.0, 0.0, 0.0, -5e-06, 0.0, -0.0, -1.0, 0.000946, 0.0, 1.0, -0.0, 0.763972, 0.0, 0.0, 0.0, 1.0],
                [1.0, 0.0, 0.0, -5e-06, 0.0, -0.0, -1.0, 0.000946, 0.0, 1.0, -0.0, 0.763972, 0.0, 0.0, 0.0, 1.0],
                [1.0, 0.0, 0.0, -5e-06, 0.0, -0.0, -1.0, 0.000946, 0.0, 1.0, -0.0, 0.763972, 0.0, 0.0, 0.0, 1.0],
                [1.0, 0.0, 0.0, -5e-06, 0.0, -0.0, -1.0, 0.000946, 0.0, 1.0, -0.0, 0.763972, 0.0, 0.0, 0.0, 1.0],
                [1.0, 0.0, 0.0, -5e-06, 0.0, -0.0, -1.0, 0.000946, 0.0, 1.0, -0.0, 0.763972, 0.0, 0.0, 0.0, 1.0],
                [1.0, 0.0, 0.0, -5e-06, 0.0, -0.0, -1.0, 0.000946, 0.0, 1.0, -0.0, 0.763972, 0.0, 0.0, 0.0, 1.0],
                [1.0, 0.0, 0.0, -5e-06, 0.0, -0.0, -1.0, 0.000946, 0.0, 1.0, -0.0, 0.763972, 0.0, 0.0, 0.0, 1.0],
                [1.0, 0.0, 0.0, -5e-06, 0.0, -0.0, -1.0, 0.000946, 0.0, 1.0, -0.0, 0.763972, 0.0, 0.0, 0.0, 1.0],
                [1.0, 0.0, 0.0, -5e-06, 0.0, -0.0, -1.0, 0.000946, 0.0, 1.0, -0.0, 0.763972, 0.0, 0.0, 0.0, 1.0],
                [1.0, 0.0, 0.0, -5e-06, 0.0, -0.0, -1.0, 0.000946, 0.0, 1.0, -0.0, 0.763972, 0.0, 0.0, 0.0, 1.0],
                [1.0, 0.0, 0.0, -5e-06, 0.0, -0.0, -1.0, 0.000946, 0.0, 1.0, -0.0, 0.763972, 0.0, 0.0, 0.0, 1.0],
                [1.0, 0.0, 0.0, -5e-06, 0.0, -0.0, -1.0, 0.000946, 0.0, 1.0, -0.0, 0.763972, 0.0, 0.0, 0.0, 1.0],
                [1.0, 0.0, 0.0, -5e-06, 0.0, -0.0, -1.0, 0.000946, 0.0, 1.0, -0.0, 0.763972, 0.0, 0.0, 0.0, 1.0],
                [1.0, 0.0, 0.0, -5e-06, 0.0, -0.0, -1.0, 0.000946, 0.0, 1.0, -0.0, 0.763972, 0.0, 0.0, 0.0, 1.0],
                [1.0, 0.0, 0.0, -5e-06, 0.0, -0.0, -1.0, 0.000946, 0.0, 1.0, -0.0, 0.763972, 0.0, 0.0, 0.0, 1.0],
                [1.0, 0.0, 0.0, -5e-06, 0.0, -0.0, -1.0, 0.000946, 0.0, 1.0, -0.0, 0.763972, 0.0, 0.0, 0.0, 1.0],
                [1.0, 0.0, 0.0, -5e-06, 0.0, -0.0, -1.0, 0.000946, 0.0, 1.0, -0.0, 0.763972, 0.0, 0.0, 0.0, 1.0],
                [1.0, 0.0, 0.0, -5e-06, 0.0, -0.0, -1.0, 0.000946, 0.0, 1.0, -0.0, 0.763972, 0.0, 0.0, 0.0, 1.0]
            ]
        },
        {
            "name": "Thigh_R",
            "time": [0.0, 0.0333, 0.0667, 0.1, 0.1333, 0.1667, 0.2, 0.2333, 0.2667, 0.3, 0.3333, 0.3667, 0.4, 0.4333, 0.4667, 0.5, 0.5333, 0.5667, 0.6, 0.6333, 0.6667, 0.7, 0.7333, 0.7667, 0.8, 0.8333, 0.8667, 0.9, 0.9333, 0.9667, 1.0, 1.0333, 1.0667, 1.1, 1.1333, 1.1667, 1.2, 1.2333, 1.2667, 1.3, 1.3333, 1.3667, 1.4, 1.4333, 1.4667, 1.5, 1.5333, 1.5667, 1.6, 1.6333, 1.6667, 1.7, 1.7333, 1.7667, 1.8, 1.8333, 1.8667, 1.9, 1.9333, 1.9667, 2.0, 2.0333, 2.0667, 2.1, 2.1333, 2.1667, 2.2, 2.2333, 2.2667, 2.3, 2.3333, 2.3667, 2.4, 2.4333, 2.4667, 2.5, 2.5333, 2.5667, 2.6, 2.6333, 2.6667, 2.7, 2.7333, 2.7667, 2.8, 2.8333, 2.8667, 2.9, 2.9333, 2.9667, 3.0, 3.0333, 3.0667, 3.1, 3.1333, 3.1667, 3.2, 3.2333, 3.2667, 3.3, 3.3333, 3.3667, 3.4, 3.4333, 3.4667, 3.5, 3.5333, 3.5667, 3.6, 3.6333, 3.6667, 3.7, 3.7333, 3.7667, 3.8, 3.8333, 3.8667, 3.9, 3.9333, 3.9667, 4.0, 4.0333, 4.0667, 4.1, 4.1333, 4.1667, 4.2, 4.2333, 4.2667, 4.3, 4.3333, 4.3667, 4.4],
            "transform": [
                [0.976298, 0.170114, 0.1338, 0.124994, 0.140898, -0.968839, 0.203702, -0.002831, 0.164283, -0.180021, -0.969847, -1.2e-05, 0.0, 0.0, 0.0, 1.0],
                [0.976104, 0.170749, 0.134403, 0.124994, 0.141364, -0.968705, 0.204017, -0.002831, 0.165033, -0.180142, -0.969698, -1.2e-05, 0.0, 0.0, 0.0, 1.0],
                [0.975866, 0.171582, 0.135073, 0.124994, 0.142024, -0.968557, 0.204262, -0.002831, 0.165874, -0.180149, -0.969553, -1.2e-05, 0.0, 0.0, 0.0, 1.0],
                [0.975567, 0.172632, 0.135892, 0.124994, 0.142852, -0.968356, 0.204635, -0.002831, 0.166918, -0.180222, -0.96936, -1.2e-05, 0.0, 0.0, 0.0, 1.0],
                [0.97501, 0.174943, 0.13693, 0.124994, 0.144836, -0.967917, 0.205316, -0.002831, 0.168456, -0.180353, -0.96907, -1.2e-05, 0.0, 0.0, 0.0, 1.0],
                [0.974966, 0.175266, 0.136831, 0.124994, 0.145641, -0.968362, 0.202632, -0.002831, 0.168016, -0.177631, -0.969648, -1.2e-05, 0.0, 0.0, 0.0, 1.0],
                [0.976127, 0.171232, 0.133626, 0.124994, 0.142867, -0.969568, 0.198801, -0.002831, 0.163601, -0.174964, -0.970888, -1.2e-05, 0.0, 0.0, 0.0, 1.0],
                [0.976482, 0.170357, 0.132142, 0.124994, 0.141603, -0.968934, 0.202757, -0.002831, 0.162578, -0.179277, -0.970272, -1.2e-05, 0.0, 0.0, 0.0, 1.0],
                [0.976108, 0.173251, 0.131136, 0.124994, 0.143625, -0.967327, 0.208918, -0.002831, 0.163047, -0.185092, -0.969101, -1.2e-05, 0.0, 0.0, 0.0, 1.0],
                [0.973766, 0.181134, 0.137732, 0.124994, 0.150282, -0.966413, 0.208464, -0.002831, 0.170866, -0.182296, -0.968284, -1.2e-05, 0.0, 0.0, 0.0, 1.0],
                [0.968548, 0.200021, 0.148005, 0.124994, 0.167679, -0.964142, 0.205693, -0.002831, 0.18384, -0.174406, -0.96736, -1.2e-05, 0.0, 0.0, 0.0, 1.0],
                [0.964025, 0.219872, 0.149366, 0.124994, 0.185043, -0.958536, 0.216712, -0.002831, 0.190822, -0.181277, -0.964742, -1.2e-05, 0.0, 0.0, 0.0, 1.0],
                [0.961113, 0.230087, 0.152713, 0.124994, 0.191853, -0.954081, 0.230038, -0.002831, 0.19863, -0.191794, -0.961125, -1.2e-05, 0.0, 0.0, 0.0, 1.0],
                [0.95965, 0.233423, 0.156797, 0.124994, 0.193184, -0.95246, 0.235578, -0.002831, 0.204332, -0.195782, -0.959124, -1.2e-05, 0.0, 0.0, 0.0, 1.0],
                [0.958184, 0.238899, 0.15751, 0.124994, 0.197769, -0.9507, 0.238859, -0.002831, 0.206808, -0.19772, -0.958195, -1.2e-05, 0.0, 0.0, 0.0, 1.0],
                [0.957661, 0.24201, 0.155938, 0.124994, 0.199115, -0.94797, 0.248398, -0.002831, 0.207939, -0.206831, -0.956024, -1.2e-05, 0.0, 0.0, 0.0, 1.0],
                [0.958094, 0.242325, 0.152755, 0.124994, 0.195665, -0.943092, 0.268864, -0.002831, 0.209215, -0.227708, -0.950988, -1.2e-05, 0.0, 0.0, 0.0, 1.0],
                [0.957887, 0.244223, 0.151017, 0.124994, 0.192296, -0.936176, 0.294266, -0.002831, 0.213246, -0.252834, -0.943717, -1.2e-05, 0.0, 0.0, 0.0, 1.0],
                [0.957367, 0.247729, 0.148589, 0.124994, 0.190369, -0.927923, 0.320491, -0.002831, 0.217274, -0.27854, -0.935525, -1.2e-05, 0.0, 0.0, 0.0, 1.0],
                [0.95793, 0.249161, 0.142436, 0.124994, 0.188297, -0.920164, 0.343276, -0.002831, 0.216596, -0.302014, -0.928372, -1.2e-05, 0.0, 0.0, 0.0, 1.0],
                [0.960358, 0.244781, 0.133391, 0.124994, 0.1827, -0.91408, 0.362043, -0.002831, 0.210551, -0.32332, -0.922568, -1.2e-05, 0.0, 0.0, 0.0, 1.0],
                [0.962111, 0.242079, 0.125457, 0.124994, 0.179085, -0.908017, 0.378721, -0.002831, 0.205598, -0.341904, -0.916969, -1.2e-05, 0.0, 0.0, 0.0, 1.0],
                [0.961593, 0.246669, 0.120386, 0.124994, 0.182064, -0.90143, 0.392776, -0.002831, 0.205405, -0.355772, -0.911721, -1.2e-05, 0.0, 0.0, 0.0, 1.0],
                [0.960909, 0.25177, 0.115173, 0.124994, 0.186199, -0.895532, 0.404164, -0.002831, 0.204898, -0.366919, -0.907407, -1.2e-05, 0.0, 0.0, 0.0, 1.0],
                [0.962104, 0.251116, 0.106285, 0.124994, 0.188163, -0.893491, 0.407756, -0.002831, 0.197359, -0.372304, -0.906884, -1.2e-05, 0.0, 0.0, 0.0, 1.0],
                [0.961687, 0.255968, 0.098168, 0.124994, 0.194574, -0.889544, 0.413339, -0.002831, 0.193126, -0.378401, -0.90527, -1.2e-05, 0.0, 0.0, 0.0, 1.0],
                [0.960732, 0.262243, 0.090671, 0.124994, 0.200761, -0.882523, 0.425258, -0.002831, 0.191541, -0.390356, -0.900519, -1.2e-05, 0.0, 0.0, 0.0, 1.0],
                [0.962889, 0.255184, 0.087888, 0.124994, 0.192771, -0.878165, 0.437793, -0.002831, 0.188898, -0.404603, -0.89477, -1.2e-05, 0.0, 0.0, 0.0, 1.0],
                [0.966037, 0.242626, 0.088901, 0.124994, 0.177686, -0.873523, 0.45319, -0.002831, 0.187614, -0.422001, -0.88697, -1.2e-05, 0.0, 0.0, 0.0, 1.0],
                [0.966954, 0.234234, 0.100666, 0.124994, 0.167205, -0.880706, 0.443167, -0.002831, 0.192462, -0.411689, -0.890769, -1.2e-05, 0.0, 0.0, 0.0, 1.0],
                [0.967594, 0.222076, 0.12018, 0.124994, 0.151427, -0.891184, 0.427619, -0.002831, 0.202067, -0.395562, -0.895935, -1.2e-05, 0.0, 0.0, 0.0, 1.0],
                [0.966532, 0.210511, 0.146631, 0.124994, 0.13793, -0.908324, 0.394866, -0.002831, 0.216312, -0.361425, -0.906963, -1.2e-05, 0.0, 0.0, 0.0, 1.0],
                [0.96163, 0.210995, 0.175353, 0.124994, 0.140566, -0.927812, 0.345547, -0.002831, 0.235603, -0.307639, -0.921873, -1.2e-05, 0.0, 0.0, 0.0, 1.0],
                [0.953836, 0.224561, 0.199421, 0.124994, 0.161728, -0.943574, 0.288978, -0.002831, 0.253062, -0.243385, -0.936335, -1.2e-05, 0.0, 0.0, 0.0, 1.0],
                [0.949194, 0.232686, 0.211867, 0.124994, 0.187067, -0.958594, 0.214709, -0.002831, 0.253055, -0.164167, -0.953422, -1.2e-05, 0.0, 0.0, 0.0, 1.0],
                [0.948475, 0.230049, 0.217879, 0.124994, 0.202534, -0.969003, 0.141456, -0.002831, 0.243668, -0.09004, -0.965671, -1.2e-05, 0.0, 0.0, 0.0, 1.0],
                [0.948898, 0.225151, 0.221131, 0.124994, 0.211432, -0.973758, 0.084186, -0.002831, 0.234283, -0.03313, -0.971604, -1.2e-05, 0.0, 0.0, 0.0, 1.0],
                [0.950793, 0.222128, 0.215988, 0.124994, 0.217476, -0.975008, 0.045386, -0.002831, 0.220672, 0.003819, -0.975341, -1.2e-05, 0.0, 0.0, 0.0, 1.0],
                [0.952608, 0.221007, 0.209031, 0.124994, 0.221047, -0.974979, 0.023472, -0.002831, 0.208988, 0.023846, -0.977628, -1.2e-05, 0.0, 0.0, 0.0, 1.0],
                [0.952897, 0.222477, 0.206132, 0.124994, 0.22521, -0.974252, 0.010419, -0.002831, 0.203143, 0.036495, -0.978469, -1.2e-05, 0.0, 0.0, 0.0, 1.0],
                [0.953721, 0.219796, 0.205196, 0.124994, 0.224716, -0.974422, -0.000688, -0.002831, 0.199796, 0.046766, -0.978721, -1.2e-05, 0.0, 0.0, 0.0, 1.0],
                [0.961621, 0.200035, 0.187803, 0.124994, 0.208173, -0.977784, -0.024449, -0.002831, 0.17874, 0.062606, -0.981903, -1.2e-05, 0.0, 0.0, 0.0, 1.0],
                [0.97135, 0.173834, 0.162051, 0.124994, 0.183874, -0.981723, -0.049049, -0.002831, 0.150563, 0.07744, -0.985563, -1.2e-05, 0.0, 0.0, 0.0, 1.0],
                [0.97266, 0.178214, 0.148905, 0.124994, 0.184756, -0.982287, -0.031208, -0.002831, 0.140706, 0.057866, -0.988359, -1.2e-05, 0.0, 0.0, 0.0, 1.0],
                [0.961743, 0.207744, 0.178583, 0.124994, 0.216926, -0.975618, -0.033307, -0.002831, 0.16731, 0.070772, -0.983361, -1.2e-05, 0.0, 0.0, 0.0, 1.0],
                [0.953384, 0.221194, 0.20526, 0.124994, 0.231556, -0.972428, -0.027603, -0.002831, 0.193495, 0.073845, -0.978319, -1.2e-05, 0.0, 0.0, 0.0, 1.0],
                [0.948246, 0.230046, 0.218878, 0.124994, 0.239963, -0.970584, -0.019482, -0.002831, 0.207958, 0.070997, -0.975558, -1.2e-05, 0.0, 0.0, 0.0, 1.0],
                [0.944869, 0.235958, 0.227038, 0.124994, 0.252876, -0.966299, -0.048132, -0.002831, 0.208029, 0.10289, -0.972696, -1.2e-05, 0.0, 0.0, 0.0, 1.0],
                [0.94884, 0.221227, 0.225302, 0.124994, 0.248468, -0.96342, -0.100404, -0.002831, 0.194849, 0.151247, -0.969102, -1.2e-05, 0.0, 0.0, 0.0, 1.0],
                [0.944564, 0.227227, 0.236992, 0.124994, 0.262114, -0.956571, -0.127532, -0.002831, 0.197721, 0.182581, -0.963105, -1.2e-05, 0.0, 0.0, 0.0, 1.0],
                [0.934012, 0.251461, 0.253749, 0.124994, 0.28954, -0.948915, -0.125392, -0.002831, 0.209255, 0.190588, -0.959108, -1.2e-05, 0.0, 0.0, 0.0, 1.0],
                [0.923061, 0.287405, 0.25565, 0.124994, 0.324971, -0.938263, -0.118546, -0.002831, 0.205796, 0.192503, -0.959474, -1.2e-05, 0.0, 0.0, 0.0, 1.0],
                [0.913005, 0.328197, 0.242299, 0.124994, 0.365139, -0.922302, -0.126605, -0.002831, 0.181922, 0.204064, -0.961906, -1.2e-05, 0.0, 0.0, 0.0, 1.0],
                [0.910945, 0.356293, 0.207928, 0.124994, 0.390165, -0.907814, -0.153754, -0.002831, 0.133979, 0.221188, -0.965985, -1.2e-05, 0.0, 0.0, 0.0, 1.0],
                [0.911067, 0.368717, 0.184402, 0.124994, 0.401051, -0.896279, -0.18931, -0.002831, 0.095474, 0.246429, -0.964447, -1.2e-05, 0.0, 0.0, 0.0, 1.0],
                [0.907297, 0.379419, 0.181254, 0.124994, 0.413373, -0.883792, -0.219159, -0.002831, 0.077038, 0.273767, -0.958706, -1.2e-05, 0.0, 0.0, 0.0, 1.0],
                [0.904465, 0.386633, 0.180156, 0.124994, 0.422431, -0.87045, -0.252715, -0.002831, 0.059109, 0.304675, -0.950621, -1.2e-05, 0.0, 0.0, 0.0, 1.0],
                [0.908993, 0.38059, 0.169947, 0.124994, 0.415481, -0.859901, -0.296552, -0.002831, 0.033273, 0.340173, -0.939774, -1.2e-05, 0.0, 0.0, 0.0, 1.0],
                [0.916686, 0.36184, 0.169583, 0.124994, 0.398916, -0.853567, -0.335092, -0.002831, 0.0235, 0.374823, -0.926799, -1.2e-05, 0.0, 0.0, 0.0, 1.0],
                [0.927279, 0.320627, 0.193265, 0.124994, 0.369624, -0.866035, -0.336687, -0.002831, 0.059424, 0.383637, -0.92157, -1.2e-05, 0.0, 0.0, 0.0, 1.0],
                [0.93373, 0.299301, 0.196384, 0.124994, 0.347974, -0.887645, -0.301655, -0.002831, 0.084034, 0.350001, -0.932973, -1.2e-05, 0.0, 0.0, 0.0, 1.0],
                [0.928442, 0.328533, 0.17338, 0.124994, 0.365108, -0.893086, -0.262849, -0.002831, 0.068488, 0.307342, -0.949131, -1.2e-05, 0.0, 0.0, 0.0, 1.0],
                [0.91883, 0.371925, 0.131993, 0.124994, 0.39355, -0.888483, -0.236038, -0.002831, 0.029485, 0.268824, -0.962738, -1.2e-05, 0.0, 0.0, 0.0, 1.0],
                [0.914433, 0.395626, 0.085384, 0.124994, 0.404666, -0.889773, -0.211061, -0.002831, -0.00753, 0.227553, -0.973737, -1.2e-05, 0.0, 0.0, 0.0, 1.0],
                [0.922498, 0.382524, 0.051693, 0.124994, 0.384913, -0.901554, -0.197581, -0.002831, -0.028975, 0.202165, -0.978923, -1.2e-05, 0.0, 0.0, 0.0, 1.0],
                [0.932442, 0.359237, 0.038736, 0.124994, 0.359564, -0.912006, -0.19737, -0.002831, -0.035575, 0.197964, -0.979564, -1.2e-05, 0.0, 0.0, 0.0, 1.0],
                [0.942999, 0.332151, 0.020664, 0.124994, 0.32931, -0.922361, -0.201992, -0.002831, -0.048032, 0.197283, -0.979169, -1.2e-05, 0.0, 0.0, 0.0, 1.0],
                [0.948374, 0.316954, -0.011234, 0.124994, 0.309413, -0.932424, -0.186667, -0.002831, -0.06964, 0.173554, -0.982359, -1.2e-05, 0.0, 0.0, 0.0, 1.0],
                [0.93996, 0.338119, -0.04636, 0.124994, 0.326198, -0.930024, -0.169253, -0.002831, -0.100344, 0.143968, -0.984482, -1.2e-05, 0.0, 0.0, 0.0, 1.0],
                [0.932113, 0.359104, -0.046993, 0.124994, 0.348368, -0.924494, -0.154745, -0.002831, -0.099015, 0.127869, -0.986837, -1.2e-05, 0.0, 0.0, 0.0, 1.0],
                [0.934882, 0.354955, -0.001384, 0.124994, 0.351408, -0.926075, -0.137452, -0.002831, -0.050071, 0.128015, -0.990508, -1.2e-05, 0.0, 0.0, 0.0, 1.0],
                [0.932318, 0.350269, 0.089967, 0.124994, 0.359731, -0.923762, -0.131353, -0.002831, 0.037099, 0.154826, -0.987245, -1.2e-05, 0.0, 0.0, 0.0, 1.0],
                [0.921709, 0.35389, 0.158786, 0.124994, 0.373437, -0.920294, -0.116615, -0.002831, 0.104861, 0.166782, -0.980402, -1.2e-05, 0.0, 0.0, 0.0, 1.0],
                [0.906534, 0.375282, 0.193284, 0.124994, 0.397411, -0.913115, -0.091004, -0.002831, 0.142338, 0.159311, -0.976914, -1.2e-05, 0.0, 0.0, 0.0, 1.0],
                [0.884662, 0.406668, 0.228021, 0.124994, 0.432619, -0.898342, -0.07628, -0.002831, 0.17382, 0.166128, -0.970664, -1.2e-05, 0.0, 0.0, 0.0, 1.0],
                [0.865503, 0.433002, 0.251817, 0.124994, 0.460618, -0.885535, -0.060465, -0.002831, 0.196812, 0.168324, -0.965885, -1.2e-05, 0.0, 0.0, 0.0, 1.0],
                [0.853078, 0.455602, 0.254329, 0.124994, 0.477645, -0.878067, -0.029167, -0.002831, 0.21003, 0.146361, -0.966678, -1.2e-05, 0.0, 0.0, 0.0, 1.0],
                [0.846319, 0.473445, 0.244117, 0.124994, 0.484318, -0.874717, 0.017384, -0.002831, 0.221764, 0.103517, -0.96959, -1.2e-05, 0.0, 0.0, 0.0, 1.0],
                [0.819737, 0.516826, 0.246822, 0.124994, 0.51735, -0.853062, 0.06805, -0.002831, 0.245725, 0.07191, -0.966669, -1.2e-05, 0.0, 0.0, 0.0, 1.0],
                [0.791643, 0.550744, 0.26454, 0.124994, 0.552196, -0.830239, 0.076015, -0.002831, 0.261497, 0.085901, -0.961375, -1.2e-05, 0.0, 0.0, 0.0, 1.0],
                [0.784155, 0.557236, 0.273105, 0.124994, 0.563329, -0.823795, 0.063393, -0.002831, 0.260308, 0.104137, -0.959894, -1.2e-05, 0.0, 0.0, 0.0, 1.0],
                [0.784118, 0.562343, 0.262541, 0.124994, 0.565438, -0.821704, 0.071267, -0.002831, 0.255808, 0.092569, -0.962286, -1.2e-05, 0.0, 0.0, 0.0, 1.0],
                [0.777786, 0.574881, 0.254084, 0.124994, 0.573863, -0.81442, 0.08601, -0.002831, 0.256377, 0.078912, -0.963351, -1.2e-05, 0.0, 0.0, 0.0, 1.0],
                [0.769262, 0.586138, 0.254316, 0.124994, 0.58248, -0.806928, 0.097884, -0.002831, 0.262588, 0.072836, -0.962155, -1.2e-05, 0.0, 0.0, 0.0, 1.0],
                [0.763168, 0.595248, 0.2515, 0.124994, 0.586664, -0.801399, 0.116539, -0.002831, 0.270922, 0.058607, -0.960816, -1.2e-05, 0.0, 0.0, 0.0, 1.0],
                [0.761726, 0.601048, 0.241895, 0.124994, 0.584591, -0.798561, 0.143354, -0.002831, 0.279332, 0.032213, -0.959655, -1.2e-05, 0.0, 0.0, 0.0, 1.0],
                [0.757232, 0.61131, 0.229995, 0.124994, 0.583278, -0.791376, 0.183051, -0.002831, 0.293914, -0.004461, -0.955822, -1.2e-05, 0.0, 0.0, 0.0, 1.0],
                [0.753377, 0.621021, 0.216227, 0.124994, 0.582151, -0.782781, 0.21989, -0.002831, 0.305815, -0.039783, -0.95126, -1.2e-05, 0.0, 0.0, 0.0, 1.0],
                [0.750262, 0.62617, 0.21217, 0.124994, 0.585571, -0.778346, 0.226453, -0.002831, 0.306941, -0.045659, -0.950633, -1.2e-05, 0.0, 0.0, 0.0, 1.0],
                [0.749107, 0.627713, 0.211693, 0.124994, 0.58991, -0.777495, 0.217957, -0.002831, 0.301405, -0.038394, -0.952723, -1.2e-05, 0.0, 0.0, 0.0, 1.0],
                [0.755897, 0.619127, 0.212838, 0.124994, 0.58772, -0.784948, 0.196059, -0.002831, 0.288452, -0.023111, -0.957216, -1.2e-05, 0.0, 0.0, 0.0, 1.0],
                [0.760437, 0.612854, 0.214812, 0.124994, 0.585717, -0.790109, 0.180723, -0.002831, 0.280482, -0.01161, -0.959789, -1.2e-05, 0.0, 0.0, 0.0, 1.0],
                [0.76034, 0.613254, 0.214012, 0.124994, 0.584943, -0.789734, 0.184821, -0.002831, 0.282355, -0.015342, -0.959188, -1.2e-05, 0.0, 0.0, 0.0, 1.0],
                [0.76417, 0.608719, 0.213317, 0.124994, 0.579854, -0.793166, 0.186157, -0.002831, 0.282513, -0.018562, -0.959084, -1.2e-05, 0.0, 0.0, 0.0, 1.0],
                [0.770353, 0.600933, 0.213153, 0.124994, 0.573108, -0.7991, 0.181612, -0.002831, 0.279468, -0.017746, -0.959991, -1.2e-05, 0.0, 0.0, 0.0, 1.0],
                [0.777377, 0.591812, 0.213172, 0.124994, 0.566227, -0.80596, 0.172662, -0.002831, 0.273992, -0.01352, -0.961637, -1.2e-05, 0.0, 0.0, 0.0, 1.0],
                [0.783122, 0.583705, 0.21449, 0.124994, 0.560405, -0.811925, 0.163463, -0.002831, 0.269565, -0.00781, -0.962951, -1.2e-05, 0.0, 0.0, 0.0, 1.0],
                [0.787551, 0.577014, 0.21637, 0.124994, 0.555443, -0.816726, 0.156326, -0.002831, 0.266918, -0.002934, -0.963715, -1.2e-05, 0.0, 0.0, 0.0, 1.0],
                [0.790991, 0.571611, 0.218156, 0.124994, 0.551224, -0.820522, 0.151304, -0.002831, 0.26549, 0.000573, -0.964114, -1.2e-05, 0.0, 0.0, 0.0, 1.0],
                [0.793472, 0.567877, 0.218901, 0.124994, 0.548023, -0.823109, 0.148859, -0.002831, 0.264713, 0.001847, -0.964326, -1.2e-05, 0.0, 0.0, 0.0, 1.0],
                [0.794642, 0.566082, 0.219303, 0.124994, 0.546351, -0.824344, 0.148169, -0.002831, 0.264658, 0.002075, -0.964341, -1.2e-05, 0.0, 0.0, 0.0, 1.0],
                [0.794446, 0.565786, 0.220772, 0.124994, 0.546246, -0.824543, 0.14745, -0.002831, 0.265462, 0.003455, -0.964116, -1.2e-05, 0.0, 0.0, 0.0, 1.0],
                [0.79499, 0.564783, 0.221382, 0.124994, 0.545416, -0.825227, 0.146692, -0.002831, 0.26554, 0.004127, -0.964091, -1.2e-05, 0.0, 0.0, 0.0, 1.0],
                [0.796617, 0.56261, 0.221065, 0.124994, 0.543537, -0.826708, 0.145318, -0.002831, 0.264514, 0.004394, -0.964372, -1.2e-05, 0.0, 0.0, 0.0, 1.0],
                [0.798685, 0.559858, 0.220591, 0.124994, 0.541204, -0.828572, 0.143402, -0.002831, 0.26306, 0.004852, -0.964768, -1.2e-05, 0.0, 0.0, 0.0, 1.0],
                [0.800366, 0.557502, 0.220464, 0.124994, 0.539367, -0.830152, 0.141166, -0.002831, 0.261719, 0.005927, -0.965126, -1.2e-05, 0.0, 0.0, 0.0, 1.0],
                [0.801521, 0.555845, 0.220452, 0.124994, 0.538205, -0.831253, 0.139108, -0.002831, 0.260574, 0.00715, -0.965428, -1.2e-05, 0.0, 0.0, 0.0, 1.0],
                [0.802511, 0.554526, 0.220173, 0.124994, 0.537198, -0.832128, 0.13776, -0.002831, 0.259604, 0.007722, -0.965685, -1.2e-05, 0.0, 0.0, 0.0, 1.0],
                [0.80323, 0.55366, 0.219729, 0.124994, 0.536516, -0.832703, 0.136943, -0.002831, 0.258789, 0.007891, -0.965902, -1.2e-05, 0.0, 0.0, 0.0, 1.0],
                [0.803646, 0.553376, 0.218921, 0.124994, 0.536207, -0.832897, 0.136971, -0.002831, 0.258135, 0.00731, -0.966081, -1.2e-05, 0.0, 0.0, 0.0, 1.0],
                [0.804166, 0.55309, 0.217733, 0.124994, 0.535757, -0.833097, 0.137517, -0.002831, 0.257452, 0.006066, -0.966272, -1.2e-05, 0.0, 0.0, 0.0, 1.0],
                [0.804989, 0.55227, 0.216771, 0.124994, 0.535019, -0.833644, 0.137073, -0.002831, 0.256411, 0.005635, -0.966552, -1.2e-05, 0.0, 0.0, 0.0, 1.0],
                [0.806684, 0.549955, 0.216355, 0.124994, 0.533498, -0.835158, 0.133745, -0.002831, 0.254245, 0.007535, -0.967111, -1.2e-05, 0.0, 0.0, 0.0, 1.0],
                [0.808126, 0.548022, 0.215877, 0.124994, 0.532187, -0.836414, 0.131095, -0.002831, 0.252405, 0.008946, -0.967581, -1.2e-05, 0.0, 0.0, 0.0, 1.0],
                [0.808377, 0.547862, 0.215343, 0.124994, 0.532038, -0.836521, 0.131012, -0.002831, 0.251916, 0.008663, -0.967711, -1.2e-05, 0.0, 0.0, 0.0, 1.0],
                [0.808148, 0.54834, 0.214986, 0.124994, 0.53242, -0.836212, 0.131434, -0.002831, 0.251844, 0.008245, -0.967733, -1.2e-05, 0.0, 0.0, 0.0, 1.0],
                [0.808183, 0.548484, 0.214485, 0.124994, 0.532436, -0.836124, 0.131927, -0.002831, 0.251696, 0.007579, -0.967777, -1.2e-05, 0.0, 0.0, 0.0, 1.0],
                [0.808323, 0.548467, 0.214, 0.124994, 0.532293, -0.836141, 0.132398, -0.002831, 0.251551, 0.00689, -0.96782, -1.2e-05, 0.0, 0.0, 0.0, 1.0],
                [0.808451, 0.548506, 0.213417, 0.124994, 0.532182, -0.836122, 0.132962, -0.002831, 0.251373, 0.006083, -0.967871, -1.2e-05, 0.0, 0.0, 0.0, 1.0],
                [0.808863, 0.54806, 0.213, 0.124994, 0.531745, -0.836416, 0.132861, -0.002831, 0.250973, 0.005795, -0.967977, -1.2e-05, 0.0, 0.0, 0.0, 1.0],
                [0.809594, 0.547239, 0.212333, 0.124994, 0.53095, -0.836957, 0.132634, -0.002831, 0.250296, 0.005359, -0.968155, -1.2e-05, 0.0, 0.0, 0.0, 1.0],
                [0.810176, 0.546654, 0.211621, 0.124994, 0.530324, -0.837343, 0.132703, -0.002831, 0.249742, 0.004715, -0.968301, -1.2e-05, 0.0, 0.0, 0.0, 1.0],
                [0.810555, 0.546286, 0.211117, 0.124994, 0.52988, -0.837586, 0.132941, -0.002831, 0.249453, 0.004111, -0.968379, -1.2e-05, 0.0, 0.0, 0.0, 1.0],
                [0.810639, 0.546267, 0.210845, 0.124994, 0.529764, -0.837601, 0.133311, -0.002831, 0.249428, 0.003631, -0.968387, -1.2e-05, 0.0, 0.0, 0.0, 1.0],
                [0.81173, 0.544645, 0.210844, 0.124994, 0.528691, -0.838648, 0.130965, -0.002831, 0.248153, 0.005163, -0.968707, -1.2e-05, 0.0, 0.0, 0.0, 1.0],
                [0.812997, 0.542899, 0.210463, 0.124994, 0.527399, -0.839773, 0.128951, -0.002831, 0.246749, 0.006161, -0.96906, -1.2e-05, 0.0, 0.0, 0.0, 1.0],
                [0.813296, 0.542655, 0.209939, 0.124994, 0.527121, -0.839934, 0.129038, -0.002831, 0.246358, 0.005717, -0.969162, -1.2e-05, 0.0, 0.0, 0.0, 1.0],
                [0.813285, 0.542781, 0.209655, 0.124994, 0.52723, -0.839854, 0.129114, -0.002831, 0.24616, 0.00553, -0.969214, -1.2e-05, 0.0, 0.0, 0.0, 1.0],
                [0.81333, 0.542811, 0.2094, 0.124994, 0.527247, -0.839835, 0.129168, -0.002831, 0.245976, 0.005349, -0.969262, -1.2e-05, 0.0, 0.0, 0.0, 1.0],
                [0.813218, 0.542969, 0.209427, 0.124994, 0.527422, -0.839733, 0.12912, -0.002831, 0.245971, 0.005453, -0.969262, -1.2e-05, 0.0, 0.0, 0.0, 1.0],
                [0.81306, 0.543432, 0.208841, 0.124994, 0.527632, -0.839439, 0.130164, -0.002831, 0.246045, 0.00436, -0.969249, -1.2e-05, 0.0, 0.0, 0.0, 1.0],
                [0.812878, 0.543783, 0.208634, 0.124994, 0.527802, -0.839215, 0.130919, -0.002831, 0.246281, 0.003696, -0.969192, -1.2e-05, 0.0, 0.0, 0.0, 1.0],
                [0.813007, 0.543652, 0.20847, 0.124994, 0.527601, -0.839301, 0.131178, -0.002831, 0.246285, 0.003341, -0.969192, -1.2e-05, 0.0, 0.0, 0.0, 1.0]
            ]
        },
        {
            "name": "Leg_R",
            "time": [0.0, 0.0333, 0.0667, 0.1, 0.1333, 0.1667, 0.2, 0.2333, 0.2667, 0.3, 0.3333, 0.3667, 0.4, 0.4333, 0.4667, 0.5, 0.5333, 0.5667, 0.6, 0.6333, 0.6667, 0.7, 0.7333, 0.7667, 0.8, 0.8333, 0.8667, 0.9, 0.9333, 0.9667, 1.0, 1.0333, 1.0667, 1.1, 1.1333, 1.1667, 1.2, 1.2333, 1.2667, 1.3, 1.3333, 1.3667, 1.4, 1.4333, 1.4667, 1.5, 1.5333, 1.5667, 1.6, 1.6333, 1.6667, 1.7, 1.7333, 1.7667, 1.8, 1.8333, 1.8667, 1.9, 1.9333, 1.9667, 2.0, 2.0333, 2.0667, 2.1, 2.1333, 2.1667, 2.2, 2.2333, 2.2667, 2.3, 2.3333, 2.3667, 2.4, 2.4333, 2.4667, 2.5, 2.5333, 2.5667, 2.6, 2.6333, 2.6667, 2.7, 2.7333, 2.7667, 2.8, 2.8333, 2.8667, 2.9, 2.9333, 2.9667, 3.0, 3.0333, 3.0667, 3.1, 3.1333, 3.1667, 3.2, 3.2333, 3.2667, 3.3, 3.3333, 3.3667, 3.4, 3.4333, 3.4667, 3.5, 3.5333, 3.5667, 3.6, 3.6333, 3.6667, 3.7, 3.7333, 3.7667, 3.8, 3.8333, 3.8667, 3.9, 3.9333, 3.9667, 4.0, 4.0333, 4.0667, 4.1, 4.1333, 4.1667, 4.2, 4.2333, 4.2667, 4.3, 4.3333, 4.3667, 4.4],
            "transform": [
                [0.999759, 0.018954, -0.011044, 0.0, -0.013231, 0.922566, 0.385612, 0.37472, 0.017498, -0.385374, 0.922594, 0.0, 0.0, 0.0, 0.0, 1.0],
                [0.999773, 0.018108, -0.01123, -0.0, -0.012364, 0.922252, 0.386391, 0.37472, 0.017353, -0.386165, 0.922266, 0.0, 0.0, 0.0, 0.0, 1.0],
