{
    "animation": [
        {
            "name": "Root",
            "time": [0.0, 0.0167, 0.0333, 0.05, 0.0667, 0.0833, 0.1, 0.1167, 0.1333, 0.15, 0.1667, 0.1833, 0.2, 0.2167, 0.2333, 0.25, 0.2667, 0.2833, 0.3, 0.3167, 0.3333, 0.35, 0.3667, 0.3833, 0.4, 0.4167, 0.4333, 0.45, 0.4667, 0.4833, 0.5, 0.5167, 0.5333, 0.55, 0.5667, 0.5833, 0.6, 0.6167, 0.6333, 0.65, 0.6667, 0.6833, 0.7, 0.7167, 0.7333, 0.75, 0.7667, 0.7833, 0.8, 0.8167, 0.8333, 0.85, 0.8667, 0.8833, 0.9, 0.9167, 0.9333, 0.95],
            "transform": [
                [0.344356, 0.0, 0.938839, -5e-06, 0.938839, 0.0, -0.344356, 0.000946, 0.0, 1.0, 0.0, 0.714865, 0.0, 0.0, 0.0, 1.0],
                [0.344356, 0.0, 0.938839, -5e-06, 0.938839, 0.0, -0.344356, 0.000946, 0.0, 1.0, 0.0, 0.714743, 0.0, 0.0, 0.0, 1.0],
                [0.344356, 0.0, 0.938839, -5e-06, 0.938839, 0.0, -0.344356, 0.000946, 0.0, 1.0, 0.0, 0.714372, 0.0, 0.0, 0.0, 1.0],
                [0.344356, 0.0, 0.938839, -5e-06, 0.938839, 0.0, -0.344356, 0.000946, 0.0, 1.0, 0.0, 0.713753, 0.0, 0.0, 0.0, 1.0],
                [0.344356, 0.0, 0.938839, -5e-06, 0.938839, 0.0, -0.344356, 0.000946, 0.0, 1.0, 0.0, 0.712882, 0.0, 0.0, 0.0, 1.0],
                [0.344356, 0.0, 0.938839, -5e-06, 0.938839, 0.0, -0.344356, 0.000946, 0.0, 1.0, 0.0, 0.711761, 0.0, 0.0, 0.0, 1.0],
                [0.344356, 0.0, 0.938839, -5e-06, 0.938839, 0.0, -0.344356, 0.000946, 0.0, 1.0, 0.0, 0.710389, 0.0, 0.0, 0.0, 1.0],
                [0.344356, 0.0, 0.938839, -5e-06, 0.938839, 0.0, -0.344356, 0.000946, 0.0, 1.0, 0.0, 0.708768, 0.0, 0.0, 0.0, 1.0],
                [0.344356, 0.0, 0.938839, -5e-06, 0.938839, 0.0, -0.344356, 0.000946, 0.0, 1.0, 0.0, 0.706902, 0.0, 0.0, 0.0, 1.0],
                [0.344356, 0.0, 0.938839, -5e-06, 0.938839, 0.0, -0.344356, 0.000946, 0.0, 1.0, 0.0, 0.704795, 0.0, 0.0, 0.0, 1.0],
                [0.344356, 0.0, 0.938839, -5e-06, 0.938839, 0.0, -0.344356, 0.000946, 0.0, 1.0, 0.0, 0.702453, 0.0, 0.0, 0.0, 1.0],
                [0.344356, 0.0, 0.938839, -5e-06, 0.938839, 0.0, -0.344356, 0.000946, 0.0, 1.0, 0.0, 0.699883, 0.0, 0.0, 0.0, 1.0],
                [0.344356, 0.0, 0.938839, -5e-06, 0.938839, 0.0, -0.344356, 0.000946, 0.0, 1.0, 0.0, 0.697097, 0.0, 0.0, 0.0, 1.0],
                [0.344356, 0.0, 0.938839, -5e-06, 0.938839, 0.0, -0.344356, 0.000946, 0.0, 1.0, 0.0, 0.694104, 0.0, 0.0, 0.0, 1.0],
                [0.344356, 0.0, 0.938839, -5e-06, 0.938839, 0.0, -0.344356, 0.000946, 0.0, 1.0, 0.0, 0.690919, 0.0, 0.0, 0.0, 1.0],
                [0.344356, 0.0, 0.938839, -5e-06, 0.938839, 0.0, -0.344356, 0.000946, 0.0, 1.0, 0.0, 0.687555, 0.0, 0.0, 0.0, 1.0],
                [0.344356, 0.0, 0.938839, -5e-06, 0.938839, 0.0, -0.344356, 0.000946, 0.0, 1.0, 0.0, 0.684032, 0.0, 0.0, 0.0, 1.0],
                [0.344356, 0.0, 0.938839, -5e-06, 0.938839, 0.0, -0.344356, 0.000946, 0.0, 1.0, 0.0, 0.680367, 0.0, 0.0, 0.0, 1.0],
                [0.344356, 0.0, 0.938839, -5e-06, 0.938839, 0.0, -0.344356, 0.000946, 0.0, 1.0, 0.0, 0.676582, 0.0, 0.0, 0.0, 1.0],
                [0.344356, 0.0, 0.938839, -5e-06, 0.938839, 0.0, -0.344356, 0.000946, 0.0, 1.0, 0.0, 0.672698, 0.0, 0.0, 0.0, 1.0],
                [0.344356, 0.0, 0.938839, -5e-06, 0.938839, 0.0, -0.344356, 0.000946, 0.0, 1.0, 0.0, 0.668739, 0.0, 0.0, 0.0, 1.0],
                [0.344356, 0.0, 0.938839, -5e-06, 0.938839, 0.0, -0.344356, 0.000946, 0.0, 1.0, 0.0, 0.66473, 0.0, 0.0, 0.0, 1.0],
                [0.344356, 0.0, 0.938839, -5e-06, 0.938839, 0.0, -0.344356, 0.000946, 0.0, 1.0, 0.0, 0.660695, 0.0, 0.0, 0.0, 1.0],
                [0.344356, 0.0, 0.938839, -5e-06, 0.938839, 0.0, -0.344356, 0.000946, 0.0, 1.0, 0.0, 0.65666, 0.0, 0.0, 0.0, 1.0],
                [0.344356, 0.0, 0.938839, -5e-06, 0.938839, 0.0, -0.344356, 0.000946, 0.0, 1.0, 0.0, 0.65265, 0.0, 0.0, 0.0, 1.0],
                [0.344356, 0.0, 0.938839, -5e-06, 0.938839, 0.0, -0.344356, 0.000946, 0.0, 1.0, 0.0, 0.648691, 0.0, 0.0, 0.0, 1.0],
                [0.344356, 0.0, 0.938839, -5e-06, 0.938839, 0.0, -0.344356, 0.000946, 0.0, 1.0, 0.0, 0.644807, 0.0, 0.0, 0.0, 1.0],
                [0.344356, 0.0, 0.938839, -5e-06, 0.938839, 0.0, -0.344356, 0.000946, 0.0, 1.0, 0.0, 0.641022, 0.0, 0.0, 0.0, 1.0],
                [0.344356, 0.0, 0.938839, -5e-06, 0.938839, 0.0, -0.344356, 0.000946, 0.0, 1.0, 0.0, 0.637357, 0.0, 0.0, 0.0, 1.0],
                [0.344356, 0.0, 0.938839, -5e-06, 0.938839, 0.0, -0.344356, 0.000946, 0.0, 1.0, 0.0, 0.633834, 0.0, 0.0, 0.0, 1.0],
                [0.344356, 0.0, 0.938839, -5e-06, 0.938839, 0.0, -0.344356, 0.000946, 0.0, 1.0, 0.0, 0.630471, 0.0, 0.0, 0.0, 1.0],
                [0.344356, 0.0, 0.938839, -5e-06, 0.938839, 0.0, -0.344356, 0.000946, 0.0, 1.0, 0.0, 0.627285, 0.0, 0.0, 0.0, 1.0],
                [0.344356, 0.0, 0.938839, -5e-06, 0.938839, 0.0, -0.344356, 0.000946, 0.0, 1.0, 0.0, 0.624293, 0.0, 0.0, 0.0, 1.0],
                [0.344356, 0.0, 0.938839, -5e-06, 0.938839, 0.0, -0.344356, 0.000946, 0.0, 1.0, 0.0, 0.621506, 0.0, 0.0, 0.0, 1.0],
                [0.344356, 0.0, 0.938839, -5e-06, 0.938839, 0.0, -0.344356, 0.000946, 0.0, 1.0, 0.0, 0.618937, 0.0, 0.0, 0.0, 1.0],
                [0.344356, 0.0, 0.938839, -5e-06, 0.938839, 0.0, -0.344356, 0.000946, 0.0, 1.0, 0.0, 0.616595, 0.0, 0.0, 0.0, 1.0],
                [0.344356, 0.0, 0.938839, -5e-06, 0.938839, 0.0, -0.344356, 0.000946, 0.0, 1.0, 0.0, 0.614488, 0.0, 0.0, 0.0, 1.0],
                [0.344356, 0.0, 0.938839, -5e-06, 0.938839, 0.0, -0.344356, 0.000946, 0.0, 1.0, 0.0, 0.612622, 0.0, 0.0, 0.0, 1.0],
                [0.344356, 0.0, 0.938839, -5e-06, 0.938839, 0.0, -0.344356, 0.000946, 0.0, 1.0, 0.0, 0.611001, 0.0, 0.0, 0.0, 1.0],
                [0.344356, 0.0, 0.938839, -5e-06, 0.938839, 0.0, -0.344356, 0.000946, 0.0, 1.0, 0.0, 0.609629, 0.0, 0.0, 0.0, 1.0],
                [0.344356, 0.0, 0.938839, -5e-06, 0.938839, 0.0, -0.344356, 0.000946, 0.0, 1.0, 0.0, 0.608507, 0.0, 0.0, 0.0, 1.0],
                [0.344356, 0.0, 0.938839, -5e-06, 0.938839, 0.0, -0.344356, 0.000946, 0.0, 1.0, 0.0, 0.607637, 0.0, 0.0, 0.0, 1.0],
                [0.344356, 0.0, 0.938839, -5e-06, 0.938839, 0.0, -0.344356, 0.000946, 0.0, 1.0, 0.0, 0.607017, 0.0, 0.0, 0.0, 1.0],
                [0.344356, 0.0, 0.938839, -5e-06, 0.938839, 0.0, -0.344356, 0.000946, 0.0, 1.0, 0.0, 0.606647, 0.0, 0.0, 0.0, 1.0],
                [0.344356, 0.0, 0.938839, -5e-06, 0.938839, 0.0, -0.344356, 0.000946, 0.0, 1.0, 0.0, 0.606524, 0.0, 0.0, 0.0, 1.0],
                [0.344356, 0.0, 0.938839, -5e-06, 0.938839, 0.0, -0.344356, 0.000946, 0.0, 1.0, 0.0, 0.612996, 0.0, 0.0, 0.0, 1.0],
                [0.344356, 0.0, 0.938839, -5e-06, 0.938839, 0.0, -0.344356, 0.000946, 0.0, 1.0, 0.0, 0.625443, 0.0, 0.0, 0.0, 1.0],
                [0.344356, 0.0, 0.938839, -5e-06, 0.938839, 0.0, -0.344356, 0.000946, 0.0, 1.0, 0.0, 0.639979, 0.0, 0.0, 0.0, 1.0],
                [0.344356, 0.0, 0.938839, -5e-06, 0.938839, 0.0, -0.344356, 0.000946, 0.0, 1.0, 0.0, 0.655167, 0.0, 0.0, 0.0, 1.0],
                [0.344356, 0.0, 0.938839, -5e-06, 0.938839, 0.0, -0.344356, 0.000946, 0.0, 1.0, 0.0, 0.670211, 0.0, 0.0, 0.0, 1.0],
                [0.344356, 0.0, 0.938839, -5e-06, 0.938839, 0.0, -0.344356, 0.000946, 0.0, 1.0, 0.0, 0.684546, 0.0, 0.0, 0.0, 1.0],
                [0.344356, 0.0, 0.938839, -5e-06, 0.938839, 0.0, -0.344356, 0.000946, 0.0, 1.0, 0.0, 0.697686, 0.0, 0.0, 0.0, 1.0],
                [0.344356, 0.0, 0.938839, -5e-06, 0.938839, 0.0, -0.344356, 0.000946, 0.0, 1.0, 0.0, 0.709142, 0.0, 0.0, 0.0, 1.0],
                [0.344356, 0.0, 0.938839, -5e-06, 0.938839, 0.0, -0.344356, 0.000946, 0.0, 1.0, 0.0, 0.718357, 0.0, 0.0, 0.0, 1.0],
                [0.344356, 0.0, 0.938839, -5e-06, 0.938839, 0.0, -0.344356, 0.000946, 0.0, 1.0, 0.0, 0.724632, 0.0, 0.0, 0.0, 1.0],
                [0.344356, 0.0, 0.938839, -5e-06, 0.938839, 0.0, -0.344356, 0.000946, 0.0, 1.0, 0.0, 0.727005, 0.0, 0.0, 0.0, 1.0],
                [0.344356, 0.0, 0.938839, -5e-06, 0.938839, 0.0, -0.344356, 0.000946, 0.0, 1.0, 0.0, 0.727005, 0.0, 0.0, 0.0, 1.0],
                [0.344356, 0.0, 0.938839, -5e-06, 0.938839, 0.0, -0.344356, 0.000946, 0.0, 1.0, 0.0, 0.727005, 0.0, 0.0, 0.0, 1.0]
            ]
        },
        {
            "name": "Thigh_R",
            "time": [0.0, 0.0167, 0.0333, 0.05, 0.0667, 0.0833, 0.1, 0.1167, 0.1333, 0.15, 0.1667, 0.1833, 0.2, 0.2167, 0.2333, 0.25, 0.2667, 0.2833, 0.3, 0.3167, 0.3333, 0.35, 0.3667, 0.3833, 0.4, 0.4167, 0.4333, 0.45, 0.4667, 0.4833, 0.5, 0.5167, 0.5333, 0.55, 0.5667, 0.5833, 0.6, 0.6167, 0.6333, 0.65, 0.6667, 0.6833, 0.7, 0.7167, 0.7333, 0.75, 0.7667, 0.7833, 0.8, 0.8167, 0.8333, 0.85, 0.8667, 0.8833, 0.9, 0.9167, 0.9333, 0.95],
            "transform": [
                [0.559657, 0.450989, 0.695232, 0.139893, 0.12557, -0.875417, 0.466763, -0.002831, 0.819156, -0.173926, -0.546544, 0.04061, 0.0, 0.0, 0.0, 1.0],
                [0.55981, 0.451494, 0.694781, 0.139893, 0.125644, -0.875072, 0.46739, -0.002831, 0.81904, -0.174354, -0.546581, 0.04061, 0.0, 0.0, 0.0, 1.0],
                [0.56027, 0.453005, 0.693425, 0.139893, 0.125867, -0.874034, 0.469268, -0.002831, 0.818691, -0.175636, -0.546694, 0.04061, 0.0, 0.0, 0.0, 1.0],
                [0.561046, 0.455496, 0.691163, 0.139893, 0.126244, -0.872308, 0.472369, -0.002831, 0.818102, -0.177764, -0.546888, 0.04061, 0.0, 0.0, 0.0, 1.0],
                [0.562144, 0.458916, 0.688002, 0.139893, 0.126777, -0.869905, 0.476637, -0.002831, 0.817265, -0.180714, -0.547172, 0.04061, 0.0, 0.0, 0.0, 1.0],
                [0.563574, 0.46317, 0.683969, 0.139893, 0.127472, -0.866865, 0.481961, -0.002831, 0.816171, -0.184433, -0.547563, 0.04061, 0.0, 0.0, 0.0, 1.0],
                [0.565349, 0.468197, 0.679064, 0.139893, 0.128332, -0.863194, 0.48828, -0.002831, 0.814808, -0.188902, -0.54807, 0.04061, 0.0, 0.0, 0.0, 1.0],
                [0.567482, 0.473989, 0.673243, 0.139893, 0.129365, -0.858859, 0.495597, -0.002831, 0.81316, -0.194147, -0.548684, 0.04061, 0.0, 0.0, 0.0, 1.0],
                [0.569986, 0.480288, 0.66663, 0.139893, 0.130578, -0.854002, 0.503607, -0.002831, 0.811212, -0.2, -0.549464, 0.04061, 0.0, 0.0, 0.0, 1.0],
                [0.57288, 0.487035, 0.659214, 0.139893, 0.131978, -0.848627, 0.512253, -0.002831, 0.808944, -0.206457, -0.550418, 0.04061, 0.0, 0.0, 0.0, 1.0],
                [0.57618, 0.494181, 0.650968, 0.139893, 0.133573, -0.842727, 0.521497, -0.002831, 0.806335, -0.213523, -0.55155, 0.04061, 0.0, 0.0, 0.0, 1.0],
                [0.579906, 0.501539, 0.641971, 0.139893, 0.135372, -0.836404, 0.531124, -0.002831, 0.803358, -0.221095, -0.552909, 0.04061, 0.0, 0.0, 0.0, 1.0],
                [0.584077, 0.509036, 0.632214, 0.139893, 0.137386, -0.829674, 0.541068, -0.002831, 0.799987, -0.229167, -0.554507, 0.04061, 0.0, 0.0, 0.0, 1.0],
                [0.588715, 0.516544, 0.621736, 0.139893, 0.139623, -0.822607, 0.551191, -0.002831, 0.796191, -0.237684, -0.556382, 0.04061, 0.0, 0.0, 0.0, 1.0],
                [0.593841, 0.524053, 0.610476, 0.139893, 0.142095, -0.815169, 0.561513, -0.002831, 0.791936, -0.246703, -0.558525, 0.04061, 0.0, 0.0, 0.0, 1.0],
                [0.599476, 0.531353, 0.598543, 0.139893, 0.144811, -0.807509, 0.571792, -0.002831, 0.787184, -0.256098, -0.561007, 0.04061, 0.0, 0.0, 0.0, 1.0],
                [0.605639, 0.538396, 0.585913, 0.139893, 0.147782, -0.79964, 0.581999, -0.002831, 0.781897, -0.265892, -0.563837, 0.04061, 0.0, 0.0, 0.0, 1.0],
                [0.612349, 0.545061, 0.572625, 0.139893, 0.151018, -0.791646, 0.592011, -0.002831, 0.77603, -0.276038, -0.567056, 0.04061, 0.0, 0.0, 0.0, 1.0],
                [0.619621, 0.551361, 0.5586, 0.139893, 0.154528, -0.783481, 0.601885, -0.002831, 0.769539, -0.286619, -0.570641, 0.04061, 0.0, 0.0, 0.0, 1.0],
                [0.627467, 0.557088, 0.543969, 0.139893, 0.158318, -0.775333, 0.611377, -0.002831, 0.762378, -0.297496, -0.574671, 0.04061, 0.0, 0.0, 0.0, 1.0],
                [0.635894, 0.562213, 0.528698, 0.139893, 0.162395, -0.76721, 0.620487, -0.002831, 0.754498, -0.308703, -0.579142, 0.04061, 0.0, 0.0, 0.0, 1.0],
                [0.644899, 0.566659, 0.512805, 0.139893, 0.166761, -0.759176, 0.62915, -0.002831, 0.745853, -0.32022, -0.584066, 0.04061, 0.0, 0.0, 0.0, 1.0],
                [0.654474, 0.570379, 0.496285, 0.139893, 0.171414, -0.751267, 0.637339, -0.002831, 0.736397, -0.332049, -0.589433, 0.04061, 0.0, 0.0, 0.0, 1.0],
                [0.6646, 0.57326, 0.479218, 0.139893, 0.176351, -0.743609, 0.644928, -0.002831, 0.726091, -0.344106, -0.595274, 0.04061, 0.0, 0.0, 0.0, 1.0],
                [0.675242, 0.575277, 0.4616, 0.139893, 0.181559, -0.736229, 0.651911, -0.002831, 0.714902, -0.356388, -0.601557, 0.04061, 0.0, 0.0, 0.0, 1.0],
                [0.686356, 0.576387, 0.443469, 0.139893, 0.187022, -0.729188, 0.65825, -0.002831, 0.702807, -0.368853, -0.608256, 0.04061, 0.0, 0.0, 0.0, 1.0],
                [0.697879, 0.57656, 0.424871, 0.139893, 0.192716, -0.722539, 0.663915, -0.002831, 0.689801, -0.38145, -0.615334, 0.04061, 0.0, 0.0, 0.0, 1.0],
                [0.709733, 0.575783, 0.405866, 0.139893, 0.19861, -0.716333, 0.668884, -0.002831, 0.675895, -0.394117, -0.622737, 0.04061, 0.0, 0.0, 0.0, 1.0],
                [0.721821, 0.574082, 0.386496, 0.139893, 0.204661, -0.710575, 0.673188, -0.002831, 0.661127, -0.406817, -0.630376, 0.04061, 0.0, 0.0, 0.0, 1.0],
                [0.734033, 0.571435, 0.366925, 0.139893, 0.210822, -0.70538, 0.676741, -0.002831, 0.645562, -0.41939, -0.638219, 0.04061, 0.0, 0.0, 0.0, 1.0],
                [0.746241, 0.567918, 0.347233, 0.139893, 0.217035, -0.700728, 0.679603, -0.002831, 0.629301, -0.431782, -0.646145, 0.04061, 0.0, 0.0, 0.0, 1.0],
                [0.758309, 0.563606, 0.327559, 0.139893, 0.223236, -0.696631, 0.681803, -0.002831, 0.612482, -0.443891, -0.654053, 0.04061, 0.0, 0.0, 0.0, 1.0],
                [0.770091, 0.558602, 0.308066, 0.139893, 0.229352, -0.69309, 0.683381, -0.002831, 0.59528, -0.455606, -0.661832, 0.04061, 0.0, 0.0, 0.0, 1.0],
                [0.78144, 0.553033, 0.288944, 0.139893, 0.235309, -0.69009, 0.684391, -0.002831, 0.577912, -0.466815, -0.669371, 0.04061, 0.0, 0.0, 0.0, 1.0],
                [0.792212, 0.547052, 0.270403, 0.139893, 0.241029, -0.687607, 0.684899, -0.002831, 0.56063, -0.477406, -0.676559, 0.04061, 0.0, 0.0, 0.0, 1.0],
                [0.802272, 0.540833, 0.252671, 0.139893, 0.246438, -0.685603, 0.684984, -0.002831, 0.543717, -0.487271, -0.683295, 0.04061, 0.0, 0.0, 0.0, 1.0],
                [0.811503, 0.534565, 0.235986, 0.139893, 0.251462, -0.684031, 0.684729, -0.002831, 0.527476, -0.496313, -0.689488, 0.04061, 0.0, 0.0, 0.0, 1.0],
                [0.819801, 0.528444, 0.22059, 0.139893, 0.256035, -0.682837, 0.684226, -0.002831, 0.512223, -0.504446, -0.695063, 0.04061, 0.0, 0.0, 0.0, 1.0],
                [0.827087, 0.522667, 0.206719, 0.139893, 0.260099, -0.681962, 0.683566, -0.002831, 0.498273, -0.511596, -0.69996, 0.04061, 0.0, 0.0, 0.0, 1.0],
                [0.833302, 0.517425, 0.194592, 0.139893, 0.263604, -0.681346, 0.682836, -0.002831, 0.485922, -0.517709, -0.704135, 0.04061, 0.0, 0.0, 0.0, 1.0],
                [0.838407, 0.512889, 0.184407, 0.139893, 0.266514, -0.680933, 0.682119, -0.002831, 0.475441, -0.522742, -0.707563, 0.04061, 0.0, 0.0, 0.0, 1.0],
                [0.84238, 0.509207, 0.176331, 0.139893, 0.268798, -0.680674, 0.681481, -0.002831, 0.467059, -0.526663, -0.710232, 0.04061, 0.0, 0.0, 0.0, 1.0],
                [0.845212, 0.506497, 0.170489, 0.139893, 0.270437, -0.680526, 0.68098, -0.002831, 0.460956, -0.529461, -0.712136, 0.04061, 0.0, 0.0, 0.0, 1.0],
                [0.846905, 0.504842, 0.166959, 0.139893, 0.271422, -0.68045, 0.680664, -0.002831, 0.457255, -0.531137, -0.713274, 0.04061, 0.0, 0.0, 0.0, 1.0],
                [0.847467, 0.504287, 0.165782, 0.139893, 0.271749, -0.680427, 0.680557, -0.002831, 0.456018, -0.531693, -0.713651, 0.04061, 0.0, 0.0, 0.0, 1.0],
                [0.839497, 0.508831, 0.190588, 0.139893, 0.264949, -0.689592, 0.673982, -0.002831, 0.474391, -0.515305, -0.713696, 0.04061, 0.0, 0.0, 0.0, 1.0],
                [0.824158, 0.514343, 0.237069, 0.139893, 0.252425, -0.708327, 0.659197, -0.002831, 0.506997, -0.483435, -0.713579, 0.04061, 0.0, 0.0, 0.0, 1.0],
                [0.806456, 0.515531, 0.289554, 0.139893, 0.238727, -0.731917, 0.638196, -0.002831, 0.540961, -0.445548, -0.713302, 0.04061, 0.0, 0.0, 0.0, 1.0],
                [0.78845, 0.510808, 0.342641, 0.139893, 0.225459, -0.758313, 0.611652, -0.002831, 0.572289, -0.405002, -0.71303, 0.04061, 0.0, 0.0, 0.0, 1.0],
                [0.771278, 0.499849, 0.39403, 0.139893, 0.213319, -0.786286, 0.579861, -0.002831, 0.599688, -0.363177, -0.713044, 0.04061, 0.0, 0.0, 0.0, 1.0],
                [0.75562, 0.48296, 0.442452, 0.139893, 0.202619, -0.814738, 0.543266, -0.002831, 0.622884, -0.320851, -0.713462, 0.04061, 0.0, 0.0, 0.0, 1.0],
                [0.74191, 0.460754, 0.487082, 0.139893, 0.193501, -0.842705, 0.50239, -0.002831, 0.641971, -0.278475, -0.714341, 0.04061, 0.0, 0.0, 0.0, 1.0],
                [0.73047, 0.434246, 0.527082, 0.139893, 0.186049, -0.869154, 0.458202, -0.002831, 0.657114, -0.236638, -0.715655, 0.04061, 0.0, 0.0, 0.0, 1.0],
                [0.721615, 0.405403, 0.56115, 0.139893, 0.180363, -0.892703, 0.41297, -0.002831, 0.668387, -0.196793, -0.71728, 0.04061, 0.0, 0.0, 0.0, 1.0],
                [0.715762, 0.378963, 0.586549, 0.139893, 0.176634, -0.910883, 0.372943, -0.002831, 0.675637, -0.163333, -0.718886, 0.04061, 0.0, 0.0, 0.0, 1.0],
                [0.713586, 0.366449, 0.597059, 0.139893, 0.17525, -0.918561, 0.354297, -0.002831, 0.678295, -0.148186, -0.719665, 0.04061, 0.0, 0.0, 0.0, 1.0],
                [0.713586, 0.366449, 0.597059, 0.139893, 0.17525, -0.918561, 0.354297, -0.002831, 0.678295, -0.148186, -0.719665, 0.04061, 0.0, 0.0, 0.0, 1.0],
                [0.713586, 0.366449, 0.597059, 0.139893, 0.17525, -0.918561, 0.354297, -0.002831, 0.678295, -0.148186, -0.719665, 0.04061, 0.0, 0.0, 0.0, 1.0]
            ]
        },
        {
            "name": "Leg_R",
            "time": [0.0, 0.0167, 0.0333, 0.05, 0.0667, 0.0833, 0.1, 0.1167, 0.1333, 0.15, 0.1667, 0.1833, 0.2, 0.2167, 0.2333, 0.25, 0.2667, 0.2833, 0.3, 0.3167, 0.3333, 0.35, 0.3667, 0.3833, 0.4, 0.4167, 0.4333, 0.45, 0.4667, 0.4833, 0.5, 0.5167, 0.5333, 0.55, 0.5667, 0.5833, 0.6, 0.6167, 0.6333, 0.65, 0.6667, 0.6833, 0.7, 0.7167, 0.7333, 0.75, 0.7667, 0.7833, 0.8, 0.8167, 0.8333, 0.85, 0.8667, 0.8833, 0.9, 0.9167, 0.9333, 0.95],
            "transform": [
                [0.999999, -0.0006, -0.000251, 0.0, 0.00065, 0.900857, 0.434101, 0.375166, -3.4e-05, -0.434123, 0.900863, 0.0, 0.0, 0.0, 0.0, 1.0],
                [0.999999, -0.000602, -0.000252, 0.0, 0.000652, 0.900247, 0.435365, 0.375166, -3.5e-05, -0.435388, 0.900252, 0.0, 0.0, 0.0, 0.0, 1.0],
                [0.999999, -0.000607, -0.000254, -0.0, 0.000657, 0.898407, 0.439148, 0.375166, -3.8e-05, -0.439171, 0.898413, -0.0, 0.0, 0.0, 0.0, 1.0],
                [0.999999, -0.000616, -0.000259, 0.0, 0.000667, 0.89533, 0.445388, 0.375166, -4.3e-05, -0.445411, 0.895336, -0.0, 0.0, 0.0, 0.0, 1.0],
                [0.999999, -0.000628, -0.000265, 0.0, 0.00068, 0.891013, 0.453962, 0.375166, -4.9e-05, -0.453986, 0.891019, 0.0, 0.0, 0.0, 0.0, 1.0],
                [1.0, -0.000643, -0.000272, -0.0, 0.000696, 0.885493, 0.464636, 0.375166, -5.7e-05, -0.464661, 0.8855, -0.0, 0.0, 0.0, 0.0, 1.0],
                [0.999999, -0.00066, -0.000282, 0.0, 0.000715, 0.878748, 0.477271, 0.375166, -6.8e-05, -0.477296, 0.878754, -0.0, 0.0, 0.0, 0.0, 1.0],
                [1.0, -0.00068, -0.000293, 0.0, 0.000736, 0.870665, 0.491859, 0.375166, -8e-05, -0.491885, 0.870673, 0.0, 0.0, 0.0, 0.0, 1.0],
                [0.999999, -0.000702, -0.000306, 0.0, 0.00076, 0.861484, 0.507768, 0.375166, -9.3e-05, -0.507795, 0.861491, 0.0, 0.0, 0.0, 0.0, 1.0],
                [0.999999, -0.000726, -0.00032, -0.0, 0.000786, 0.851168, 0.524876, 0.375166, -0.000109, -0.524903, 0.851176, -0.0, 0.0, 0.0, 0.0, 1.0],
                [0.999999, -0.000751, -0.000336, 0.0, 0.000813, 0.839666, 0.543086, 0.375166, -0.000126, -0.543115, 0.839674, 0.0, 0.0, 0.0, 0.0, 1.0],
                [0.999999, -0.000777, -0.000353, 0.0, 0.000841, 0.82715, 0.561964, 0.375166, -0.000145, -0.561994, 0.827158, 0.0, 0.0, 0.0, 0.0, 1.0],
                [0.999999, -0.000804, -0.000372, -0.0, 0.00087, 0.813623, 0.581374, 0.375166, -0.000165, -0.581405, 0.813632, -0.0, 0.0, 0.0, 0.0, 1.0],
                [0.999999, -0.000831, -0.000392, -0.0, 0.0009, 0.799205, 0.60104, 0.375166, -0.000187, -0.601072, 0.799214, 0.0, 0.0, 0.0, 0.0, 1.0],
                [0.999999, -0.000859, -0.000413, -0.0, 0.00093, 0.783796, 0.621, 0.375166, -0.00021, -0.621033, 0.783806, 0.0, 0.0, 0.0, 0.0, 1.0],
                [0.999999, -0.000886, -0.000435, -0.0, 0.000959, 0.767696, 0.640796, 0.375166, -0.000234, -0.640829, 0.767706, 0.0, 0.0, 0.0, 0.0, 1.0],
                [0.999999, -0.000913, -0.000458, -0.0, 0.000989, 0.750911, 0.660385, 0.375166, -0.000259, -0.660419, 0.750922, 0.0, 0.0, 0.0, 0.0, 1.0],
                [0.999999, -0.00094, -0.000482, 0.0, 0.001017, 0.733607, 0.679555, 0.375166, -0.000285, -0.679589, 0.733618, 0.0, 0.0, 0.0, 0.0, 1.0],
                [0.999999, -0.000966, -0.000507, -0.0, 0.001046, 0.715663, 0.698427, 0.375166, -0.000312, -0.698462, 0.715674, 0.0, 0.0, 0.0, 0.0, 1.0],
                [0.999999, -0.000991, -0.000532, 0.0, 0.001073, 0.697473, 0.716593, 0.375166, -0.000339, -0.716628, 0.697484, 0.0, 0.0, 0.0, 0.0, 1.0],
                [0.999999, -0.001015, -0.000558, 0.0, 0.001099, 0.679037, 0.734085, 0.375166, -0.000366, -0.734121, 0.679049, 0.0, 0.0, 0.0, 0.0, 1.0],
                [0.999999, -0.001039, -0.000583, 0.0, 0.001124, 0.660476, 0.750828, 0.375166, -0.000394, -0.750865, 0.660488, 0.0, 0.0, 0.0, 0.0, 1.0],
                [0.999999, -0.001061, -0.000609, 0.0, 0.001148, 0.641846, 0.766814, 0.375166, -0.000422, -0.766851, 0.641859, -0.0, 0.0, 0.0, 0.0, 1.0],
                [0.999999, -0.001082, -0.000635, 0.0, 0.001171, 0.623408, 0.781878, 0.375166, -0.00045, -0.781915, 0.62342, 0.0, 0.0, 0.0, 0.0, 1.0],
                [0.999999, -0.001101, -0.00066, 0.0, 0.001192, 0.605197, 0.796057, 0.375166, -0.000477, -0.796094, 0.60521, -0.0, 0.0, 0.0, 0.0, 1.0],
                [0.999999, -0.001119, -0.000685, 0.0, 0.001212, 0.587326, 0.809332, 0.375166, -0.000504, -0.809369, 0.587339, 0.0, 0.0, 0.0, 0.0, 1.0],
                [0.999999, -0.001137, -0.000709, -0.0, 0.00123, 0.569899, 0.821696, 0.375166, -0.00053, -0.821733, 0.569912, -0.0, 0.0, 0.0, 0.0, 1.0],
                [0.999999, -0.001152, -0.000732, -0.0, 0.001247, 0.553015, 0.833153, 0.375166, -0.000555, -0.83319, 0.553028, -0.0, 0.0, 0.0, 0.0, 1.0],
                [0.999999, -0.001167, -0.000755, -0.0, 0.001263, 0.536675, 0.843771, 0.375166, -0.00058, -0.843808, 0.536688, 0.0, 0.0, 0.0, 0.0, 1.0],
                [0.999999, -0.00118, -0.000776, -0.0, 0.001278, 0.521153, 0.853446, 0.375166, -0.000603, -0.853483, 0.521165, 0.0, 0.0, 0.0, 0.0, 1.0],
                [0.999999, -0.001193, -0.000797, -0.0, 0.001291, 0.506417, 0.862271, 0.375166, -0.000625, -0.862308, 0.50643, 0.0, 0.0, 0.0, 0.0, 1.0],
                [0.999999, -0.001204, -0.000816, 0.0, 0.001303, 0.492532, 0.870277, 0.375166, -0.000646, -0.870314, 0.492544, 0.0, 0.0, 0.0, 0.0, 1.0],
                [0.999999, -0.001214, -0.000834, 0.0, 0.001314, 0.479552, 0.877496, 0.375166, -0.000665, -0.877533, 0.479564, -0.0, 0.0, 0.0, 0.0, 1.0],
                [0.999998, -0.001223, -0.00085, 0.0, 0.001323, 0.467521, 0.883965, 0.375166, -0.000683, -0.884001, 0.467533, 0.0, 0.0, 0.0, 0.0, 1.0],
                [0.999998, -0.001231, -0.000866, -0.0, 0.001332, 0.456478, 0.889717, 0.375166, -0.0007, -0.889754, 0.456491, -0.0, 0.0, 0.0, 0.0, 1.0],
                [0.999999, -0.001238, -0.00088, -0.0, 0.00134, 0.446452, 0.894791, 0.375166, -0.000715, -0.894827, 0.446464, 0.0, 0.0, 0.0, 0.0, 1.0],
                [0.999999, -0.001244, -0.000892, 0.0, 0.001346, 0.437463, 0.899219, 0.375166, -0.000728, -0.899256, 0.437475, -0.0, 0.0, 0.0, 0.0, 1.0],
                [0.999998, -0.001249, -0.000903, -0.0, 0.001352, 0.429529, 0.903036, 0.375166, -0.00074, -0.903073, 0.429541, -0.0, 0.0, 0.0, 0.0, 1.0],
                [0.999998, -0.001254, -0.000913, 0.0, 0.001357, 0.422658, 0.906272, 0.375166, -0.00075, -0.906309, 0.42267, 0.0, 0.0, 0.0, 0.0, 1.0],
                [0.999999, -0.001257, -0.000921, 0.0, 0.001361, 0.416856, 0.908956, 0.375166, -0.000759, -0.908992, 0.416868, 0.0, 0.0, 0.0, 0.0, 1.0],
                [0.999998, -0.00126, -0.000927, 0.0, 0.001364, 0.412122, 0.911112, 0.375166, -0.000766, -0.911148, 0.412134, -0.0, 0.0, 0.0, 0.0, 1.0],
                [0.999998, -0.001263, -0.000932, 0.0, 0.001367, 0.408465, 0.912757, 0.375166, -0.000772, -0.912793, 0.408477, -0.0, 0.0, 0.0, 0.0, 1.0],
                [0.999998, -0.001264, -0.000936, -0.0, 0.001368, 0.405874, 0.913912, 0.375166, -0.000775, -0.913948, 0.405886, -0.0, 0.0, 0.0, 0.0, 1.0],
                [0.999998, -0.001265, -0.000938, 0.0, 0.001369, 0.404327, 0.914598, 0.375166, -0.000778, -0.914634, 0.404339, 0.0, 0.0, 0.0, 0.0, 1.0],
                [0.999998, -0.001265, -0.000939, -0.0, 0.00137, 0.403814, 0.914825, 0.375166, -0.000778, -0.914861, 0.403826, 0.0, 0.0, 0.0, 0.0, 1.0],
                [0.999998, -0.001248, -0.000901, -0.0, 0.001351, 0.431118, 0.902279, 0.375166, -0.000738, -0.902315, 0.43113, -0.0, 0.0, 0.0, 0.0, 1.0],
                [0.999998, -0.00121, -0.000827, -0.0, 0.00131, 0.484531, 0.874757, 0.375166, -0.000658, -0.874793, 0.484544, -0.0, 0.0, 0.0, 0.0, 1.0],
                [0.999999, -0.001157, -0.000739, -0.0, 0.001252, 0.548401, 0.836198, 0.375166, -0.000562, -0.836235, 0.548413, -0.0, 0.0, 0.0, 0.0, 1.0],
                [0.999999, -0.001089, -0.000644, 0.0, 0.001179, 0.616615, 0.787247, 0.375166, -0.00046, -0.787283, 0.616627, 0.0, 0.0, 0.0, 0.0, 1.0],
                [0.999999, -0.001007, -0.000548, -0.0, 0.001089, 0.685877, 0.727699, 0.375166, -0.000356, -0.727735, 0.685888, -0.0, 0.0, 0.0, 0.0, 1.0],
                [0.999999, -0.00091, -0.000455, -0.0, 0.000985, 0.753354, 0.657597, 0.375166, -0.000255, -0.65763, 0.753365, -0.0, 0.0, 0.0, 0.0, 1.0],
                [0.999999, -0.000799, -0.000368, -0.0, 0.000864, 0.81648, 0.577355, 0.375166, -0.000161, -0.577386, 0.816489, 0.0, 0.0, 0.0, 0.0, 1.0],
                [0.999999, -0.000676, -0.00029, -0.0, 0.000731, 0.87251, 0.48858, 0.375166, -7.7e-05, -0.488605, 0.872517, -0.0, 0.0, 0.0, 0.0, 1.0],
                [0.999999, -0.000548, -0.000227, 0.0, 0.000593, 0.918268, 0.395946, 0.375166, -8e-06, -0.395965, 0.918273, -0.0, 0.0, 0.0, 0.0, 1.0],
                [1.0, -0.000433, -0.000183, 0.0, 0.000468, 0.949791, 0.312873, 0.375166, 3.9e-05, -0.312887, 0.949795, -0.0, 0.0, 0.0, 0.0, 1.0],
                [1.0, -0.000379, -0.000167, -0.0, 0.00041, 0.961747, 0.273929, 0.375166, 5.7e-05, -0.273939, 0.96175, -0.0, 0.0, 0.0, 0.0, 1.0],
                [1.0, -0.000379, -0.000167, -0.0, 0.00041, 0.961747, 0.273929, 0.375166, 5.7e-05, -0.273939, 0.96175, -0.0, 0.0, 0.0, 0.0, 1.0],
                [1.0, -0.000379, -0.000167, -0.0, 0.00041, 0.961747, 0.273929, 0.375166, 5.7e-05, -0.273939, 0.96175, -0.0, 0.0, 0.0, 0.0, 1.0]
            ]
        },
        {
            "name": "Knee_R",
            "time": [0.0, 0.0167, 0.0333, 0.05, 0.0667, 0.0833, 0.1, 0.1167, 0.1333, 0.15, 0.1667, 0.1833, 0.2, 0.2167, 0.2333, 0.25, 0.2667, 0.2833, 0.3, 0.3167, 0.3333, 0.35, 0.3667, 0.3833, 0.4, 0.4167, 0.4333, 0.45, 0.4667, 0.4833, 0.5, 0.5167, 0.5333, 0.55, 0.5667, 0.5833, 0.6, 0.6167, 0.6333, 0.65, 0.6667, 0.6833, 0.7, 0.7167, 0.7333, 0.75, 0.7667, 0.7833, 0.8, 0.8167, 0.8333, 0.85, 0.8667, 0.8833, 0.9, 0.9167, 0.9333, 0.95],
            "transform": [
                [1.0, -5.7e-05, 5.4e-05, 0.0, 5.7e-05, 0.048757, -0.998811, 0.375166, 5.4e-05, 0.998811, 0.048757, 0.0, 0.0, 0.0, 0.0, 1.0],
                [1.0, -5.7e-05, 5.4e-05, 0.0, 5.7e-05, 0.048757, -0.998811, 0.375166, 5.4e-05, 0.998811, 0.048757, 0.0, 0.0, 0.0, 0.0, 1.0],
                [1.0, -5.7e-05, 5.4e-05, -0.0, 5.7e-05, 0.048757, -0.998811, 0.375166, 5.4e-05, 0.998811, 0.048757, -0.0, 0.0, 0.0, 0.0, 1.0],
                [1.0, -5.7e-05, 5.4e-05, 0.0, 5.7e-05, 0.048757, -0.998811, 0.375166, 5.4e-05, 0.998811, 0.048757, -0.0, 0.0, 0.0, 0.0, 1.0],
                [1.0, -5.7e-05, 5.4e-05, 0.0, 5.7e-05, 0.048757, -0.998811, 0.375166, 5.4e-05, 0.998811, 0.048757, 0.0, 0.0, 0.0, 0.0, 1.0],
                [1.0, -5.7e-05, 5.4e-05, -0.0, 5.7e-05, 0.048757, -0.998811, 0.375166, 5.4e-05, 0.998811, 0.048757, -0.0, 0.0, 0.0, 0.0, 1.0],
                [1.0, -5.7e-05, 5.4e-05, 0.0, 5.7e-05, 0.048757, -0.998811, 0.375166, 5.4e-05, 0.998811, 0.048757, -0.0, 0.0, 0.0, 0.0, 1.0],
                [1.0, -5.7e-05, 5.4e-05, 0.0, 5.7e-05, 0.048757, -0.998811, 0.375166, 5.4e-05, 0.998811, 0.048757, 0.0, 0.0, 0.0, 0.0, 1.0],
                [1.0, -5.7e-05, 5.4e-05, 0.0, 5.7e-05, 0.048757, -0.998811, 0.375166, 5.4e-05, 0.998811, 0.048757, 0.0, 0.0, 0.0, 0.0, 1.0],
                [1.0, -5.7e-05, 5.4e-05, -0.0, 5.7e-05, 0.048757, -0.998811, 0.375166, 5.4e-05, 0.998811, 0.048757, -0.0, 0.0, 0.0, 0.0, 1.0],
                [1.0, -5.7e-05, 5.4e-05, 0.0, 5.7e-05, 0.048757, -0.998811, 0.375166, 5.4e-05, 0.998811, 0.048757, 0.0, 0.0, 0.0, 0.0, 1.0],
                [1.0, -5.7e-05, 5.4e-05, 0.0, 5.7e-05, 0.048757, -0.998811, 0.375166, 5.4e-05, 0.998811, 0.048757, 0.0, 0.0, 0.0, 0.0, 1.0],
                [1.0, -5.7e-05, 5.4e-05, -0.0, 5.7e-05, 0.048757, -0.998811, 0.375166, 5.4e-05, 0.998811, 0.048757, -0.0, 0.0, 0.0, 0.0, 1.0],
                [1.0, -5.7e-05, 5.4e-05, -0.0, 5.7e-05, 0.048757, -0.998811, 0.375166, 5.4e-05, 0.998811, 0.048757, 0.0, 0.0, 0.0, 0.0, 1.0],
                [1.0, -5.7e-05, 5.4e-05, -0.0, 5.7e-05, 0.048757, -0.998811, 0.375166, 5.4e-05, 0.998811, 0.048757, 0.0, 0.0, 0.0, 0.0, 1.0],
                [1.0, -5.7e-05, 5.4e-05, -0.0, 5.7e-05, 0.048757, -0.998811, 0.375166, 5.4e-05, 0.998811, 0.048757, 0.0, 0.0, 0.0, 0.0, 1.0],
                [1.0, -5.7e-05, 5.4e-05, -0.0, 5.7e-05, 0.048757, -0.998811, 0.375166, 5.4e-05, 0.998811, 0.048757, 0.0, 0.0, 0.0, 0.0, 1.0],
                [1.0, -5.7e-05, 5.4e-05, 0.0, 5.7e-05, 0.048757, -0.998811, 0.375166, 5.4e-05, 0.998811, 0.048757, 0.0, 0.0, 0.0, 0.0, 1.0],
                [1.0, -5.7e-05, 5.4e-05, -0.0, 5.7e-05, 0.048757, -0.998811, 0.375166, 5.4e-05, 0.998811, 0.048757, 0.0, 0.0, 0.0, 0.0, 1.0],
                [1.0, -5.7e-05, 5.4e-05, 0.0, 5.7e-05, 0.048757, -0.998811, 0.375166, 5.4e-05, 0.998811, 0.048757, 0.0, 0.0, 0.0, 0.0, 1.0],
                [1.0, -5.7e-05, 5.4e-05, 0.0, 5.7e-05, 0.048757, -0.998811, 0.375166, 5.4e-05, 0.998811, 0.048757, 0.0, 0.0, 0.0, 0.0, 1.0],
                [1.0, -5.7e-05, 5.4e-05, 0.0, 5.7e-05, 0.048757, -0.998811, 0.375166, 5.4e-05, 0.998811, 0.048757, 0.0, 0.0, 0.0, 0.0, 1.0],
                [1.0, -5.7e-05, 5.4e-05, 0.0, 5.7e-05, 0.048757, -0.998811, 0.375166, 5.4e-05, 0.998811, 0.048757, -0.0, 0.0, 0.0, 0.0, 1.0],
                [1.0, -5.7e-05, 5.4e-05, 0.0, 5.7e-05, 0.048757, -0.998811, 0.375166, 5.4e-05, 0.998811, 0.048757, 0.0, 0.0, 0.0, 0.0, 1.0],
                [1.0, -5.7e-05, 5.4e-05, 0.0, 5.7e-05, 0.048757, -0.998811, 0.375166, 5.4e-05, 0.998811, 0.048757, -0.0, 0.0, 0.0, 0.0, 1.0],
                [1.0, -5.7e-05, 5.4e-05, 0.0, 5.7e-05, 0.048757, -0.998811, 0.375166, 5.4e-05, 0.998811, 0.048757, 0.0, 0.0, 0.0, 0.0, 1.0],
                [1.0, -5.7e-05, 5.4e-05, -0.0, 5.7e-05, 0.048757, -0.998811, 0.375166, 5.4e-05, 0.998811, 0.048757, -0.0, 0.0, 0.0, 0.0, 1.0],
                [1.0, -5.7e-05, 5.4e-05, -0.0, 5.7e-05, 0.048757, -0.998811, 0.375166, 5.4e-05, 0.998811, 0.048757, -0.0, 0.0, 0.0, 0.0, 1.0],
                [1.0, -5.7e-05, 5.4e-05, -0.0, 5.7e-05, 0.048757, -0.998811, 0.375166, 5.4e-05, 0.998811, 0.048757, 0.0, 0.0, 0.0, 0.0, 1.0],
                [1.0, -5.7e-05, 5.4e-05, -0.0, 5.7e-05, 0.048757, -0.998811, 0.375166, 5.4e-05, 0.998811, 0.048757, 0.0, 0.0, 0.0, 0.0, 1.0],
                [1.0, -5.7e-05, 5.4e-05, -0.0, 5.7e-05, 0.048757, -0.998811, 0.375166, 5.4e-05, 0.998811, 0.048757, 0.0, 0.0, 0.0, 0.0, 1.0],
                [1.0, -5.7e-05, 5.4e-05, 0.0, 5.7e-05, 0.048757, -0.998811, 0.375166, 5.4e-05, 0.998811, 0.048757, 0.0, 0.0, 0.0, 0.0, 1.0],
                [1.0, -5.7e-05, 5.4e-05, 0.0, 5.7e-05, 0.048757, -0.998811, 0.375166, 5.4e-05, 0.998811, 0.048757, -0.0, 0.0, 0.0, 0.0, 1.0],
                [1.0, -5.7e-05, 5.4e-05, 0.0, 5.7e-05, 0.048757, -0.998811, 0.375166, 5.4e-05, 0.998811, 0.048757, 0.0, 0.0, 0.0, 0.0, 1.0],
                [1.0, -5.7e-05, 5.4e-05, -0.0, 5.7e-05, 0.048757, -0.998811, 0.375166, 5.4e-05, 0.998811, 0.048757, -0.0, 0.0, 0.0, 0.0, 1.0],
                [1.0, -5.7e-05, 5.4e-05, -0.0, 5.7e-05, 0.048757, -0.998811, 0.375166, 5.4e-05, 0.998811, 0.048757, 0.0, 0.0, 0.0, 0.0, 1.0],
                [1.0, -5.7e-05, 5.4e-05, 0.0, 5.7e-05, 0.048757, -0.998811, 0.375166, 5.4e-05, 0.998811, 0.048757, -0.0, 0.0, 0.0, 0.0, 1.0],
                [1.0, -5.7e-05, 5.4e-05, -0.0, 5.7e-05, 0.048757, -0.998811, 0.375166, 5.4e-05, 0.998811, 0.048757, -0.0, 0.0, 0.0, 0.0, 1.0],
                [1.0, -5.7e-05, 5.4e-05, 0.0, 5.7e-05, 0.048757, -0.998811, 0.375166, 5.4e-05, 0.998811, 0.048757, 0.0, 0.0, 0.0, 0.0, 1.0],
                [1.0, -5.7e-05, 5.4e-05, 0.0, 5.7e-05, 0.048757, -0.998811, 0.375166, 5.4e-05, 0.998811, 0.048757, 0.0, 0.0, 0.0, 0.0, 1.0],
                [1.0, -5.7e-05, 5.4e-05, 0.0, 5.7e-05, 0.048757, -0.998811, 0.375166, 5.4e-05, 0.998811, 0.048757, -0.0, 0.0, 0.0, 0.0, 1.0],
                [1.0, -5.7e-05, 5.4e-05, 0.0, 5.7e-05, 0.048757, -0.998811, 0.375166, 5.4e-05, 0.998811, 0.048757, -0.0, 0.0, 0.0, 0.0, 1.0],
                [1.0, -5.7e-05, 5.4e-05, -0.0, 5.7e-05, 0.048757, -0.998811, 0.375166, 5.4e-05, 0.998811, 0.048757, -0.0, 0.0, 0.0, 0.0, 1.0],
                [1.0, -5.7e-05, 5.4e-05, 0.0, 5.7e-05, 0.048757, -0.998811, 0.375166, 5.4e-05, 0.998811, 0.048757, 0.0, 0.0, 0.0, 0.0, 1.0],
                [1.0, -5.7e-05, 5.4e-05, -0.0, 5.7e-05, 0.048757, -0.998811, 0.375166, 5.4e-05, 0.998811, 0.048757, 0.0, 0.0, 0.0, 0.0, 1.0],
                [1.0, -5.7e-05, 5.4e-05, -0.0, 5.7e-05, 0.048757, -0.998811, 0.375166, 5.4e-05, 0.998811, 0.048757, -0.0, 0.0, 0.0, 0.0, 1.0],
                [1.0, -5.7e-05, 5.4e-05, -0.0, 5.7e-05, 0.048757, -0.998811, 0.375166, 5.4e-05, 0.998811, 0.048757, -0.0, 0.0, 0.0, 0.0, 1.0],
                [1.0, -5.7e-05, 5.4e-05, -0.0, 5.7e-05, 0.048757, -0.998811, 0.375166, 5.4e-05, 0.998811, 0.048757, -0.0, 0.0, 0.0, 0.0, 1.0],
                [1.0, -5.7e-05, 5.4e-05, 0.0, 5.7e-05, 0.048757, -0.998811, 0.375166, 5.4e-05, 0.998811, 0.048757, 0.0, 0.0, 0.0, 0.0, 1.0],
                [1.0, -5.7e-05, 5.4e-05, -0.0, 5.7e-05, 0.048757, -0.998811, 0.375166, 5.4e-05, 0.998811, 0.048757, -0.0, 0.0, 0.0, 0.0, 1.0],
                [1.0, -5.7e-05, 5.4e-05, -0.0, 5.7e-05, 0.048757, -0.998811, 0.375166, 5.4e-05, 0.998811, 0.048757, -0.0, 0.0, 0.0, 0.0, 1.0],
                [1.0, -5.7e-05, 5.4e-05, -0.0, 5.7e-05, 0.048757, -0.998811, 0.375166, 5.4e-05, 0.998811, 0.048757, 0.0, 0.0, 0.0, 0.0, 1.0],
                [1.0, -5.7e-05, 5.4e-05, -0.0, 5.7e-05, 0.048757, -0.998811, 0.375166, 5.4e-05, 0.998811, 0.048757, -0.0, 0.0, 0.0, 0.0, 1.0],
                [1.0, -5.7e-05, 5.4e-05, 0.0, 5.7e-05, 0.048757, -0.998811, 0.375166, 5.4e-05, 0.998811, 0.048757, -0.0, 0.0, 0.0, 0.0, 1.0],
                [1.0, -5.7e-05, 5.4e-05, 0.0, 5.7e-05, 0.048757, -0.998811, 0.375166, 5.4e-05, 0.998811, 0.048757, -0.0, 0.0, 0.0, 0.0, 1.0],
                [1.0, -5.7e-05, 5.4e-05, -0.0, 5.7e-05, 0.048757, -0.998811, 0.375166, 5.4e-05, 0.998811, 0.048757, -0.0, 0.0, 0.0, 0.0, 1.0],
                [1.0, -5.7e-05, 5.4e-05, -0.0, 5.7e-05, 0.048757, -0.998811, 0.375166, 5.4e-05, 0.998811, 0.048757, -0.0, 0.0, 0.0, 0.0, 1.0],
                [1.0, -5.7e-05, 5.4e-05, -0.0, 5.7e-05, 0.048757, -0.998811, 0.375166, 5.4e-05, 0.998811, 0.048757, -0.0, 0.0, 0.0, 0.0, 1.0]
            ]
        },
        {
            "name": "Thigh_L",
            "time": [0.0, 0.0167, 0.0333, 0.05, 0.0667, 0.0833, 0.1, 0.1167, 0.1333, 0.15, 0.1667, 0.1833, 0.2, 0.2167, 0.2333, 0.25, 0.2667, 0.2833, 0.3, 0.3167, 0.3333, 0.35, 0.3667, 0.3833, 0.4, 0.4167, 0.4333, 0.45, 0.4667, 0.4833, 0.5, 0.5167, 0.5333, 0.55, 0.5667, 0.5833, 0.6, 0.6167, 0.6333, 0.65, 0.6667, 0.6833, 0.7, 0.7167, 0.7333, 0.75, 0.7667, 0.7833, 0.8, 0.8167, 0.8333, 0.85, 0.8667, 0.8833, 0.9, 0.9167, 0.9333, 0.95],
            "transform": [
                [0.988362, -0.131731, -0.076069, -0.176635, -0.071825, -0.844958, 0.529978, -0.002831, -0.134095, -0.518347, -0.844542, -0.051786, 0.0, 0.0, 0.0, 1.0],
                [0.988307, -0.131978, -0.076351, -0.176635, -0.071845, -0.844784, 0.530252, -0.002831, -0.134487, -0.518567, -0.844345, -0.051786, 0.0, 0.0, 0.0, 1.0],
                [0.988141, -0.132724, -0.077199, -0.176635, -0.071905, -0.844261, 0.531077, -0.002831, -0.135669, -0.519229, -0.843749, -0.051786, 0.0, 0.0, 0.0, 1.0],
                [0.98786, -0.133976, -0.078618, -0.176635, -0.072004, -0.843384, 0.532455, -0.002831, -0.137647, -0.520331, -0.842749, -0.051786, 0.0, 0.0, 0.0, 1.0],
                [0.987459, -0.135745, -0.080606, -0.176635, -0.072145, -0.84215, 0.534385, -0.002831, -0.140428, -0.521868, -0.841339, -0.051786, 0.0, 0.0, 0.0, 1.0],
                [0.986929, -0.138038, -0.08316, -0.176635, -0.072326, -0.840559, 0.53686, -0.002831, -0.144014, -0.523829, -0.839512, -0.051786, 0.0, 0.0, 0.0, 1.0],
                [0.986262, -0.140866, -0.086274, -0.176635, -0.072548, -0.838608, 0.539872, -0.002831, -0.148406, -0.526196, -0.837264, -0.051786, 0.0, 0.0, 0.0, 1.0],
                [0.985446, -0.14424, -0.089937, -0.176635, -0.072812, -0.836299, 0.543407, -0.002831, -0.153601, -0.528951, -0.834587, -0.051786, 0.0, 0.0, 0.0, 1.0],
                [0.984471, -0.148166, -0.094133, -0.176635, -0.073116, -0.833632, 0.547449, -0.002831, -0.159592, -0.532066, -0.831478, -0.051786, 0.0, 0.0, 0.0, 1.0],
                [0.983324, -0.152654, -0.098841, -0.176635, -0.07346, -0.830612, 0.551974, -0.002831, -0.166367, -0.535509, -0.827932, -0.051786, 0.0, 0.0, 0.0, 1.0],
                [0.981989, -0.157707, -0.104038, -0.176635, -0.073843, -0.827244, 0.556959, -0.002831, -0.173909, -0.539245, -0.823947, -0.051786, 0.0, 0.0, 0.0, 1.0],
                [0.980454, -0.163327, -0.109692, -0.176635, -0.074266, -0.823535, 0.562373, -0.002831, -0.182194, -0.543234, -0.819525, -0.051786, 0.0, 0.0, 0.0, 1.0],
                [0.978703, -0.169513, -0.115768, -0.176635, -0.074725, -0.819496, 0.568182, -0.002831, -0.191194, -0.547431, -0.814668, -0.051786, 0.0, 0.0, 0.0, 1.0],
                [0.976725, -0.176256, -0.122225, -0.176635, -0.075219, -0.815139, 0.57435, -0.002831, -0.200872, -0.551789, -0.809382, -0.051786, 0.0, 0.0, 0.0, 1.0],
                [0.974507, -0.183544, -0.129017, -0.176635, -0.075747, -0.81048, 0.580838, -0.002831, -0.211184, -0.556258, -0.803679, -0.051786, 0.0, 0.0, 0.0, 1.0],
                [0.972038, -0.191356, -0.136093, -0.176635, -0.076305, -0.805537, 0.587601, -0.002831, -0.222079, -0.560786, -0.797572, -0.051786, 0.0, 0.0, 0.0, 1.0],
                [0.969312, -0.199667, -0.143399, -0.176635, -0.076889, -0.800332, 0.594595, -0.002831, -0.233498, -0.565323, -0.791082, -0.051786, 0.0, 0.0, 0.0, 1.0],
                [0.966326, -0.20844, -0.150876, -0.176635, -0.077498, -0.794889, 0.601774, -0.002831, -0.245375, -0.569816, -0.784235, -0.051786, 0.0, 0.0, 0.0, 1.0],
                [0.963078, -0.217635, -0.158463, -0.176635, -0.078126, -0.789237, 0.609087, -0.002831, -0.257636, -0.574218, -0.77706, -0.051786, 0.0, 0.0, 0.0, 1.0],
                [0.959576, -0.227201, -0.1661, -0.176635, -0.07877, -0.783406, 0.616487, -0.002831, -0.270203, -0.578481, -0.769594, -0.051786, 0.0, 0.0, 0.0, 1.0],
