{
    "animation": [
        {
            "name": "Root",
            "time": [0.0, 0.0167, 0.0333, 0.05, 0.0667, 0.0833, 0.1, 0.1167, 0.1333, 0.15, 0.1667, 0.1833, 0.2, 0.2167, 0.2333, 0.25, 0.2667, 0.2833, 0.3, 0.3167, 0.3333, 0.35, 0.3667, 0.3833, 0.4, 0.4167, 0.4333, 0.45, 0.4667, 0.4833, 0.5, 0.5167, 0.5333, 0.55, 0.5667, 0.5833, 0.6, 0.6167, 0.6333, 0.65, 0.6667, 0.6833, 0.7, 0.7167, 0.7333, 0.75, 0.7667, 0.7833, 0.8, 0.8167, 0.8333, 0.85, 0.8667, 0.8833, 0.9, 0.9167, 0.9333, 0.95, 0.9667, 0.9833, 1.0, 1.0167, 1.0333, 1.05, 1.0667, 1.0833, 1.1, 1.1167, 1.1333, 1.15, 1.1667, 1.1833, 1.2, 1.2167, 1.2333, 1.25, 1.2667, 1.2833, 1.3, 1.3167, 1.3333, 1.35],
            "transform": [
                [0.344356, 0.0, 0.938839, -5e-06, 0.938839, 0.0, -0.344356, 0.000946, 0.0, 1.0, 0.0, 0.727005, 0.0, 0.0, 0.0, 1.0],
                [-0.138074, 0.0, 0.990422, -5e-06, 0.990422, 0.0, 0.138074, 0.470207, 0.0, 1.0, 0.0, 0.554693, 0.0, 0.0, 0.0, 1.0],
                [-0.138074, 0.0, 0.990422, -0.010646, 0.990422, 0.0, 0.138074, 0.441618, 0.0, 1.0, 0.0, 0.563313, 0.0, 0.0, 0.0, 1.0],
                [-0.138074, 0.0, 0.990422, -0.029308, 0.990422, 0.0, 0.138074, 0.391805, 0.0, 1.0, 0.0, 0.578473, 0.0, 0.0, 0.0, 1.0],
                [-0.138074, 0.0, 0.990422, -0.050533, 0.990422, 0.0, 0.138074, 0.335539, 0.0, 1.0, 0.0, 0.595768, 0.0, 0.0, 0.0, 1.0],
                [-0.138074, 0.0, 0.990422, -0.072788, 0.990422, 0.0, 0.138074, 0.276978, 0.0, 1.0, 0.0, 0.613959, 0.0, 0.0, 0.0, 1.0],
                [-0.138074, 0.0, 0.990422, -0.095355, 0.990422, 0.0, 0.138074, 0.218071, 0.0, 1.0, 0.0, 0.632467, 0.0, 0.0, 0.0, 1.0],
                [-0.138074, 0.0, 0.990422, -0.11781, 0.990422, 0.0, 0.138074, 0.159984, 0.0, 1.0, 0.0, 0.650954, 0.0, 0.0, 0.0, 1.0],
                [-0.138074, 0.0, 0.990422, -0.139856, 0.990422, 0.0, 0.138074, 0.103543, 0.0, 1.0, 0.0, 0.669182, 0.0, 0.0, 0.0, 1.0],
                [-0.138074, 0.0, 0.990422, -0.161261, 0.990422, 0.0, 0.138074, 0.049411, 0.0, 1.0, 0.0, 0.686968, 0.0, 0.0, 0.0, 1.0],
                [-0.138074, 0.0, 0.990422, -0.181819, 0.990422, 0.0, 0.138074, -0.001819, 0.0, 1.0, 0.0, 0.704153, 0.0, 0.0, 0.0, 1.0],
                [-0.138074, 0.0, 0.990422, -0.201337, 0.990422, 0.0, 0.138074, -0.049573, 0.0, 1.0, 0.0, 0.720584, 0.0, 0.0, 0.0, 1.0],
                [-0.138074, 0.0, 0.990422, -0.219616, 0.990422, 0.0, 0.138074, -0.093256, 0.0, 1.0, 0.0, 0.736109, 0.0, 0.0, 0.0, 1.0],
                [-0.138074, 0.0, 0.990422, -0.236442, 0.990422, 0.0, 0.138074, -0.132218, 0.0, 1.0, 0.0, 0.750566, 0.0, 0.0, 0.0, 1.0],
                [-0.138074, 0.0, 0.990422, -0.251574, 0.990422, 0.0, 0.138074, -0.165721, 0.0, 1.0, 0.0, 0.763771, 0.0, 0.0, 0.0, 1.0],
                [-0.138074, 0.0, 0.990422, -0.264732, 0.990422, 0.0, 0.138074, -0.192898, 0.0, 1.0, 0.0, 0.775512, 0.0, 0.0, 0.0, 1.0],
                [-0.138074, 0.0, 0.990422, -0.275575, 0.990422, 0.0, 0.138074, -0.212695, 0.0, 1.0, 0.0, 0.785533, 0.0, 0.0, 0.0, 1.0],
                [-0.138074, 0.0, 0.990422, -0.283681, 0.990422, 0.0, 0.138074, -0.223788, 0.0, 1.0, 0.0, 0.793514, 0.0, 0.0, 0.0, 1.0],
                [-0.138074, 0.0, 0.990422, -0.288443, 0.990422, 0.0, 0.138074, -0.228168, 0.0, 1.0, 0.0, 0.798348, 0.0, 0.0, 0.0, 1.0],
                [-0.138074, 0.0, 0.990422, -0.292691, 0.990422, 0.0, 0.138074, -0.230901, 0.0, 1.0, 0.0, 0.80272, 0.0, 0.0, 0.0, 1.0],
                [-0.138074, 0.0, 0.990422, -0.296659, 0.990422, 0.0, 0.138074, -0.233101, 0.0, 1.0, 0.0, 0.806829, 0.0, 0.0, 0.0, 1.0],
                [-0.138074, 0.0, 0.990422, -0.30041, 0.990422, 0.0, 0.138074, -0.235048, 0.0, 1.0, 0.0, 0.810726, 0.0, 0.0, 0.0, 1.0],
                [-0.138074, 0.0, 0.990422, -0.30397, 0.990422, 0.0, 0.138074, -0.236867, 0.0, 1.0, 0.0, 0.814433, 0.0, 0.0, 0.0, 1.0],
                [-0.138074, 0.0, 0.990422, -0.30735, 0.990422, 0.0, 0.138074, -0.23863, 0.0, 1.0, 0.0, 0.817959, 0.0, 0.0, 0.0, 1.0],
                [-0.138074, 0.0, 0.990422, -0.310555, 0.990422, 0.0, 0.138074, -0.240382, 0.0, 1.0, 0.0, 0.821307, 0.0, 0.0, 0.0, 1.0],
                [-0.138074, 0.0, 0.990422, -0.313586, 0.990422, 0.0, 0.138074, -0.242155, 0.0, 1.0, 0.0, 0.824476, 0.0, 0.0, 0.0, 1.0],
                [-0.138074, 0.0, 0.990422, -0.316438, 0.990422, 0.0, 0.138074, -0.243978, 0.0, 1.0, 0.0, 0.827461, 0.0, 0.0, 0.0, 1.0],
                [-0.138074, 0.0, 0.990422, -0.319106, 0.990422, 0.0, 0.138074, -0.245872, 0.0, 1.0, 0.0, 0.830256, 0.0, 0.0, 0.0, 1.0],
                [-0.138074, 0.0, 0.990422, -0.321581, 0.990422, 0.0, 0.138074, -0.247858, 0.0, 1.0, 0.0, 0.832851, 0.0, 0.0, 0.0, 1.0],
                [-0.138074, 0.0, 0.990422, -0.323853, 0.990422, 0.0, 0.138074, -0.249958, 0.0, 1.0, 0.0, 0.835234, 0.0, 0.0, 0.0, 1.0],
                [-0.138074, 0.0, 0.990422, -0.325907, 0.990422, 0.0, 0.138074, -0.252191, 0.0, 1.0, 0.0, 0.83739, 0.0, 0.0, 0.0, 1.0],
                [-0.138074, 0.0, 0.990422, -0.327727, 0.990422, 0.0, 0.138074, -0.25458, 0.0, 1.0, 0.0, 0.839301, 0.0, 0.0, 0.0, 1.0],
                [-0.138074, 0.0, 0.990422, -0.329293, 0.990422, 0.0, 0.138074, -0.257149, 0.0, 1.0, 0.0, 0.840946, 0.0, 0.0, 0.0, 1.0],
                [-0.138074, 0.0, 0.990422, -0.330577, 0.990422, 0.0, 0.138074, -0.259927, 0.0, 1.0, 0.0, 0.842296, 0.0, 0.0, 0.0, 1.0],
                [-0.138074, 0.0, 0.990422, -0.33155, 0.990422, 0.0, 0.138074, -0.262947, 0.0, 1.0, 0.0, 0.843319, 0.0, 0.0, 0.0, 1.0],
                [-0.138074, 0.0, 0.990422, -0.332172, 0.990422, 0.0, 0.138074, -0.266246, 0.0, 1.0, 0.0, 0.843972, 0.0, 0.0, 0.0, 1.0],
                [-0.138074, 0.0, 0.990422, -0.332393, 0.990422, 0.0, 0.138074, -0.269874, 0.0, 1.0, 0.0, 0.844204, 0.0, 0.0, 0.0, 1.0],
                [-0.138074, 0.0, 0.990422, -0.332148, 0.990422, 0.0, 0.138074, -0.275935, 0.0, 1.0, 0.0, 0.844204, 0.0, 0.0, 0.0, 1.0],
                [-0.138074, 0.0, 0.990422, -0.331304, 0.990422, 0.0, 0.138074, -0.282851, 0.0, 1.0, 0.0, 0.844204, 0.0, 0.0, 0.0, 1.0],
                [-0.138074, 0.0, 0.990422, -0.329883, 0.990422, 0.0, 0.138074, -0.289926, 0.0, 1.0, 0.0, 0.844204, 0.0, 0.0, 0.0, 1.0],
                [-0.138074, 0.0, 0.990422, -0.327901, 0.990422, 0.0, 0.138074, -0.297009, 0.0, 1.0, 0.0, 0.844204, 0.0, 0.0, 0.0, 1.0],
                [-0.138074, 0.0, 0.990422, -0.32536, 0.990422, 0.0, 0.138074, -0.304035, 0.0, 1.0, 0.0, 0.844204, 0.0, 0.0, 0.0, 1.0],
                [-0.138074, 0.0, 0.990422, -0.322254, 0.990422, 0.0, 0.138074, -0.310965, 0.0, 1.0, 0.0, 0.844204, 0.0, 0.0, 0.0, 1.0],
                [-0.138074, 0.0, 0.990422, -0.318567, 0.990422, 0.0, 0.138074, -0.317774, 0.0, 1.0, 0.0, 0.844204, 0.0, 0.0, 0.0, 1.0],
                [-0.138074, 0.0, 0.990422, -0.314279, 0.990422, 0.0, 0.138074, -0.32444, 0.0, 1.0, 0.0, 0.844204, 0.0, 0.0, 0.0, 1.0],
                [-0.138074, 0.0, 0.990422, -0.309364, 0.990422, 0.0, 0.138074, -0.330943, 0.0, 1.0, 0.0, 0.844204, 0.0, 0.0, 0.0, 1.0],
                [-0.138074, 0.0, 0.990422, -0.303788, 0.990422, 0.0, 0.138074, -0.337266, 0.0, 1.0, 0.0, 0.844204, 0.0, 0.0, 0.0, 1.0],
                [-0.138074, 0.0, 0.990422, -0.297512, 0.990422, 0.0, 0.138074, -0.343389, 0.0, 1.0, 0.0, 0.844204, 0.0, 0.0, 0.0, 1.0],
                [-0.138074, 0.0, 0.990422, -0.290488, 0.990422, 0.0, 0.138074, -0.349293, 0.0, 1.0, 0.0, 0.844204, 0.0, 0.0, 0.0, 1.0],
                [-0.138074, 0.0, 0.990422, -0.282661, 0.990422, 0.0, 0.138074, -0.354954, 0.0, 1.0, 0.0, 0.844204, 0.0, 0.0, 0.0, 1.0],
                [-0.138074, 0.0, 0.990422, -0.273964, 0.990422, 0.0, 0.138074, -0.360349, 0.0, 1.0, 0.0, 0.844204, 0.0, 0.0, 0.0, 1.0],
                [-0.138074, 0.0, 0.990422, -0.264318, 0.990422, 0.0, 0.138074, -0.365448, 0.0, 1.0, 0.0, 0.844204, 0.0, 0.0, 0.0, 1.0],
                [-0.138074, 0.0, 0.990422, -0.253629, 0.990422, 0.0, 0.138074, -0.370217, 0.0, 1.0, 0.0, 0.844204, 0.0, 0.0, 0.0, 1.0],
                [-0.138074, 0.0, 0.990422, -0.241783, 0.990422, 0.0, 0.138074, -0.374617, 0.0, 1.0, 0.0, 0.844204, 0.0, 0.0, 0.0, 1.0],
                [-0.138074, 0.0, 0.990422, -0.228639, 0.990422, 0.0, 0.138074, -0.378599, 0.0, 1.0, 0.0, 0.844204, 0.0, 0.0, 0.0, 1.0],
                [-0.138074, 0.0, 0.990422, -0.214021, 0.990422, 0.0, 0.138074, -0.382103, 0.0, 1.0, 0.0, 0.844204, 0.0, 0.0, 0.0, 1.0],
                [-0.138074, 0.0, 0.990422, -0.197709, 0.990422, 0.0, 0.138074, -0.385054, 0.0, 1.0, 0.0, 0.844204, 0.0, 0.0, 0.0, 1.0],
                [-0.138074, 0.0, 0.990422, -0.179414, 0.990422, 0.0, 0.138074, -0.387355, 0.0, 1.0, 0.0, 0.844204, 0.0, 0.0, 0.0, 1.0],
                [-0.138074, 0.0, 0.990422, -0.15875, 0.990422, 0.0, 0.138074, -0.388875, 0.0, 1.0, 0.0, 0.844204, 0.0, 0.0, 0.0, 1.0],
                [-0.138074, 0.0, 0.990422, -0.135179, 0.990422, 0.0, 0.138074, -0.389434, 0.0, 1.0, 0.0, 0.844204, 0.0, 0.0, 0.0, 1.0],
                [-0.138074, 0.0, 0.990422, -0.088843, 0.990422, 0.0, 0.138074, -0.37418, 0.0, 1.0, 0.0, 0.844148, 0.0, 0.0, 0.0, 1.0],
                [-0.138074, 0.0, 0.990422, -0.026666, 0.990422, 0.0, 0.138074, -0.331041, 0.0, 1.0, 0.0, 0.843656, 0.0, 0.0, 0.0, 1.0],
                [-0.138074, 0.0, 0.990422, 0.024232, 0.990422, 0.0, 0.138074, -0.279165, 0.0, 1.0, 0.0, 0.84223, 0.0, 0.0, 0.0, 1.0],
                [-0.138074, 0.0, 0.990422, 0.042092, 0.990422, 0.0, 0.138074, -0.241856, 0.0, 1.0, 0.0, 0.839817, 0.0, 0.0, 0.0, 1.0],
                [-0.138074, 0.0, 0.990422, 0.042092, 0.990422, 0.0, 0.138074, -0.225052, 0.0, 1.0, 0.0, 0.820666, 0.0, 0.0, 0.0, 1.0],
                [-0.138074, 0.0, 0.990422, 0.042092, 0.990422, 0.0, 0.138074, -0.216943, 0.0, 1.0, 0.0, 0.789225, 0.0, 0.0, 0.0, 1.0],
                [-0.138074, 0.0, 0.990422, 0.042092, 0.990422, 0.0, 0.138074, -0.211177, 0.0, 1.0, 0.0, 0.753597, 0.0, 0.0, 0.0, 1.0],
                [-0.138074, 0.0, 0.990422, 0.042092, 0.990422, 0.0, 0.138074, -0.205272, 0.0, 1.0, 0.0, 0.716918, 0.0, 0.0, 0.0, 1.0],
                [-0.138074, 0.0, 0.990422, 0.042092, 0.990422, 0.0, 0.138074, -0.197824, 0.0, 1.0, 0.0, 0.680919, 0.0, 0.0, 0.0, 1.0],
                [-0.138074, 0.0, 0.990422, 0.042092, 0.990422, 0.0, 0.138074, -0.187831, 0.0, 1.0, 0.0, 0.64679, 0.0, 0.0, 0.0, 1.0],
                [-0.138074, 0.0, 0.990422, 0.042092, 0.990422, 0.0, 0.138074, -0.174444, 0.0, 1.0, 0.0, 0.615501, 0.0, 0.0, 0.0, 1.0],
                [-0.138074, 0.0, 0.990422, 0.042092, 0.990422, 0.0, 0.138074, -0.156842, 0.0, 1.0, 0.0, 0.587952, 0.0, 0.0, 0.0, 1.0],
                [-0.138074, 0.0, 0.990422, 0.042092, 0.990422, 0.0, 0.138074, -0.134153, 0.0, 1.0, 0.0, 0.565069, 0.0, 0.0, 0.0, 1.0],
                [-0.138074, 0.0, 0.990422, 0.042092, 0.990422, 0.0, 0.138074, -0.105382, 0.0, 1.0, 0.0, 0.547882, 0.0, 0.0, 0.0, 1.0],
                [-0.138074, 0.0, 0.990422, 0.042092, 0.990422, 0.0, 0.138074, -0.069325, 0.0, 1.0, 0.0, 0.537618, 0.0, 0.0, 0.0, 1.0],
                [-0.138074, 0.0, 0.990422, 0.042092, 0.990422, 0.0, 0.138074, -0.003638, 0.0, 1.0, 0.0, 0.531987, 0.0, 0.0, 0.0, 1.0],
                [-0.138074, 0.0, 0.990422, 0.042092, 0.990422, 0.0, 0.138074, 0.085351, 0.0, 1.0, 0.0, 0.52806, 0.0, 0.0, 0.0, 1.0],
                [-0.138074, 0.0, 0.990422, 0.042092, 0.990422, 0.0, 0.138074, 0.175522, 0.0, 1.0, 0.0, 0.526012, 0.0, 0.0, 0.0, 1.0],
                [-0.138074, 0.0, 0.990422, 0.042092, 0.990422, 0.0, 0.138074, 0.238242, 0.0, 1.0, 0.0, 0.525349, 0.0, 0.0, 0.0, 1.0],
                [-0.138074, 0.0, 0.990422, 0.042092, 0.990422, 0.0, 0.138074, 0.259234, 0.0, 1.0, 0.0, 0.525273, 0.0, 0.0, 0.0, 1.0],
                [-0.138074, 0.0, 0.990422, 0.042092, 0.990422, 0.0, 0.138074, 0.259234, 0.0, 1.0, 0.0, 0.525273, 0.0, 0.0, 0.0, 1.0],
                [-0.138074, 0.0, 0.990422, 0.042092, 0.990422, 0.0, 0.138074, 0.259234, 0.0, 1.0, 0.0, 0.525273, 0.0, 0.0, 0.0, 1.0]
            ]
        },
        {
            "name": "Thigh_R",
            "time": [0.0, 0.0167, 0.0333, 0.05, 0.0667, 0.0833, 0.1, 0.1167, 0.1333, 0.15, 0.1667, 0.1833, 0.2, 0.2167, 0.2333, 0.25, 0.2667, 0.2833, 0.3, 0.3167, 0.3333, 0.35, 0.3667, 0.3833, 0.4, 0.4167, 0.4333, 0.45, 0.4667, 0.4833, 0.5, 0.5167, 0.5333, 0.55, 0.5667, 0.5833, 0.6, 0.6167, 0.6333, 0.65, 0.6667, 0.6833, 0.7, 0.7167, 0.7333, 0.75, 0.7667, 0.7833, 0.8, 0.8167, 0.8333, 0.85, 0.8667, 0.8833, 0.9, 0.9167, 0.9333, 0.95, 0.9667, 0.9833, 1.0, 1.0167, 1.0333, 1.05, 1.0667, 1.0833, 1.1, 1.1167, 1.1333, 1.15, 1.1667, 1.1833, 1.2, 1.2167, 1.2333, 1.25, 1.2667, 1.2833, 1.3, 1.3167, 1.3333, 1.35],
            "transform": [
                [0.713586, 0.366449, 0.597059, 0.139893, 0.17525, -0.918561, 0.354297, -0.002831, 0.678295, -0.148186, -0.719665, 0.04061, 0.0, 0.0, 0.0, 1.0],
                [0.288391, 0.875216, 0.388311, 0.139283, 0.413853, -0.479668, 0.773708, -0.002747, 0.863456, -0.062415, -0.500534, 0.038825, 0.0, 0.0, 0.0, 1.0],
                [0.367171, 0.879226, 0.303497, 0.137407, 0.450345, -0.453558, 0.769061, -0.0025, 0.813864, -0.145685, -0.562477, 0.033428, 0.0, 0.0, 0.0, 1.0],
                [0.442721, 0.86834, 0.223501, 0.134212, 0.474565, -0.438426, 0.763251, -0.002104, 0.76078, -0.231828, -0.606171, 0.024422, 0.0, 0.0, 0.0, 1.0],
                [0.525519, 0.839211, 0.139747, 0.129672, 0.500484, -0.437793, 0.746884, -0.001577, 0.688001, -0.322548, -0.650064, 0.011926, 0.0, 0.0, 0.0, 1.0],
                [0.617683, 0.785171, 0.044224, 0.1238, 0.530049, -0.457214, 0.714135, -0.000952, 0.580961, -0.417655, -0.698574, -0.003797, 0.0, 0.0, 0.0, 1.0],
                [0.713998, 0.696365, -0.072604, 0.116658, 0.558157, -0.503536, 0.65947, -0.000267, 0.422691, -0.51137, -0.748184, -0.022309, 0.0, 0.0, 0.0, 1.0],
                [0.795982, 0.564737, -0.217897, 0.108366, 0.570771, -0.580367, 0.58085, 0.000427, 0.201576, -0.586701, -0.784274, -0.042987, 0.0, 0.0, 0.0, 1.0],
                [0.832886, 0.397422, -0.385167, 0.099102, 0.549271, -0.678887, 0.487244, 0.001072, -0.067844, -0.617365, -0.783704, -0.065048, 0.0, 0.0, 0.0, 1.0],
                [0.805658, 0.224942, -0.548003, 0.089098, 0.488416, -0.775712, 0.399639, 0.001608, -0.335208, -0.589611, -0.734802, -0.087587, 0.0, 0.0, 0.0, 1.0],
                [0.729339, 0.07947, -0.679508, 0.078617, 0.40608, -0.849623, 0.336496, 0.001978, -0.550604, -0.52134, -0.651914, -0.109661, 0.0, 0.0, 0.0, 1.0],
                [0.634577, -0.029598, -0.772274, 0.067933, 0.325459, -0.896098, 0.301781, 0.002131, -0.700991, -0.442835, -0.558994, -0.130366, 0.0, 0.0, 0.0, 1.0],
                [0.541699, -0.110592, -0.833243, 0.057305, 0.259229, -0.920996, 0.290778, 0.002028, -0.799601, -0.373504, -0.470221, -0.148916, 0.0, 0.0, 0.0, 1.0],
                [0.457707, -0.175419, -0.871601, 0.046961, 0.210622, -0.931032, 0.297997, 0.001643, -0.863796, -0.319964, -0.389182, -0.164689, 0.0, 0.0, 0.0, 1.0],
                [0.382701, -0.233514, -0.893847, 0.037083, 0.178804, -0.930501, 0.319657, 0.000963, -0.906405, -0.282149, -0.314341, -0.177245, 0.0, 0.0, 0.0, 1.0],
                [0.314421, -0.291222, -0.90348, 0.027807, 0.161855, -0.921381, 0.353332, -1.4e-05, -0.935384, -0.257321, -0.242558, -0.186318, 0.0, 0.0, 0.0, 1.0],
                [0.250067, -0.352517, -0.901744, 0.019226, 0.15776, -0.904068, 0.397187, -0.001283, -0.95529, -0.241578, -0.170458, -0.191789, 0.0, 0.0, 0.0, 1.0],
                [0.186632, -0.419545, -0.888308, 0.011395, 0.164574, -0.878082, 0.449302, -0.002831, -0.968547, -0.230044, -0.094826, -0.193654, 0.0, 0.0, 0.0, 1.0],
                [0.140525, -0.469274, -0.871765, 0.002992, 0.174896, -0.854906, 0.488399, -0.005985, -0.974507, -0.221099, -0.038057, -0.193725, 0.0, 0.0, 0.0, 1.0],
                [0.092905, -0.515065, -0.852065, -0.005857, 0.18754, -0.831414, 0.523036, -0.009745, -0.977854, -0.208389, 0.019357, -0.193599, 0.0, 0.0, 0.0, 1.0],
                [0.042841, -0.55654, -0.829678, -0.014739, 0.2023, -0.808423, 0.552733, -0.013627, -0.978386, -0.191524, 0.077958, -0.193244, 0.0, 0.0, 0.0, 1.0],
                [-0.009864, -0.5933, -0.804882, -0.02355, 0.218992, -0.78668, 0.577203, -0.017511, -0.975677, -0.170572, 0.13769, -0.192656, 0.0, 0.0, 0.0, 1.0],
                [-0.065153, -0.624941, -0.777908, -0.032242, 0.237389, -0.766909, 0.596225, -0.021341, -0.969228, -0.145825, 0.198323, -0.19183, 0.0, 0.0, 0.0, 1.0],
                [-0.122787, -0.651093, -0.748959, -0.040787, 0.257194, -0.749782, 0.609644, -0.025085, -0.958528, -0.117777, 0.259522, -0.190761, 0.0, 0.0, 0.0, 1.0],
                [-0.182346, -0.67146, -0.718213, -0.049163, 0.278031, -0.735879, 0.617388, -0.02872, -0.943106, -0.087114, 0.320871, -0.189439, 0.0, 0.0, 0.0, 1.0],
                [-0.243245, -0.685858, -0.685836, -0.057349, 0.299439, -0.725654, 0.619476, -0.032226, -0.922588, -0.05469, 0.381883, -0.187853, 0.0, 0.0, 0.0, 1.0],
                [-0.304755, -0.694246, -0.651989, -0.065326, 0.32089, -0.719393, 0.616029, -0.035586, -0.896747, -0.021488, 0.442014, -0.185989, 0.0, 0.0, 0.0, 1.0],
                [-0.366045, -0.696749, -0.616845, -0.073076, 0.341808, -0.717201, 0.607272, -0.038783, -0.865551, 0.011435, 0.500679, -0.183832, 0.0, 0.0, 0.0, 1.0],
                [-0.426236, -0.693667, -0.580602, -0.080578, 0.361601, -0.718987, 0.593542, -0.041799, -0.829198, 0.043031, 0.557284, -0.181361, 0.0, 0.0, 0.0, 1.0],
                [-0.48448, -0.685458, -0.543487, -0.087809, 0.379694, -0.724487, 0.575274, -0.044616, -0.788107, 0.072337, 0.611258, -0.178554, 0.0, 0.0, 0.0, 1.0],
                [-0.540026, -0.672709, -0.505757, -0.094742, 0.395564, -0.733292, 0.552994, -0.047211, -0.742901, 0.098557, 0.66209, -0.175383, 0.0, 0.0, 0.0, 1.0],
                [-0.592283, -0.656074, -0.467683, -0.101347, 0.408762, -0.744893, 0.527293, -0.049563, -0.694345, 0.12112, 0.709358, -0.171816, 0.0, 0.0, 0.0, 1.0],
                [-0.640858, -0.636212, -0.429534, -0.107589, 0.418921, -0.758739, 0.498809, -0.051641, -0.643279, 0.139708, 0.752758, -0.167815, 0.0, 0.0, 0.0, 1.0],
                [-0.685571, -0.613722, -0.391542, -0.113426, 0.425746, -0.774283, 0.468205, -0.053414, -0.590536, 0.154272, 0.792107, -0.163332, 0.0, 0.0, 0.0, 1.0],
                [-0.726444, -0.589081, -0.353885, -0.118808, 0.428996, -0.791029, 0.436148, -0.054842, -0.536883, 0.165004, 0.827341, -0.15831, 0.0, 0.0, 0.0, 1.0],
                [-0.763673, -0.56259, -0.316657, -0.123671, 0.428439, -0.808562, 0.403307, -0.055876, -0.482954, 0.172307, 0.858501, -0.15268, 0.0, 0.0, 0.0, 1.0],
                [-0.797588, -0.534336, -0.279852, -0.127937, 0.423813, -0.826565, 0.370354, -0.056456, -0.429228, 0.176765, 0.885705, -0.14635, 0.0, 0.0, 0.0, 1.0],
                [-0.81847, -0.512054, -0.260554, -0.130529, 0.416366, -0.84113, 0.345151, -0.056668, -0.395913, 0.173989, 0.901629, -0.13658, 0.0, 0.0, 0.0, 1.0],
                [-0.836383, -0.4915, -0.242639, -0.132893, 0.406813, -0.853283, 0.32619, -0.056752, -0.367379, 0.174091, 0.913607, -0.126137, 0.0, 0.0, 0.0, 1.0],
                [-0.852573, -0.471806, -0.224727, -0.135147, 0.396268, -0.863995, 0.310601, -0.056795, -0.340722, 0.175737, 0.923567, -0.115467, 0.0, 0.0, 0.0, 1.0],
                [-0.867377, -0.452746, -0.20655, -0.13732, 0.385073, -0.873536, 0.297728, -0.056815, -0.315239, 0.178684, 0.932012, -0.104671, 0.0, 0.0, 0.0, 1.0],
                [-0.880963, -0.434214, -0.188015, -0.139421, 0.373435, -0.882034, 0.287315, -0.056821, -0.290605, 0.182881, 0.939176, -0.09379, 0.0, 0.0, 0.0, 1.0],
                [-0.893434, -0.416144, -0.169082, -0.141457, 0.361503, -0.889562, 0.279252, -0.056817, -0.266631, 0.188348, 0.945188, -0.082848, 0.0, 0.0, 0.0, 1.0],
                [-0.904862, -0.39849, -0.149737, -0.14343, 0.349407, -0.896156, 0.273505, -0.056806, -0.243188, 0.195144, 0.950118, -0.071857, 0.0, 0.0, 0.0, 1.0],
                [-0.915301, -0.381213, -0.12997, -0.14534, 0.337262, -0.90183, 0.270079, -0.056789, -0.22018, 0.203348, 0.954, -0.060827, 0.0, 0.0, 0.0, 1.0],
                [-0.924795, -0.364275, -0.109774, -0.147186, 0.325176, -0.906576, 0.269009, -0.056769, -0.197522, 0.213061, 0.956836, -0.049764, 0.0, 0.0, 0.0, 1.0],
                [-0.933379, -0.347636, -0.08914, -0.148968, 0.313254, -0.910366, 0.270354, -0.056745, -0.175144, 0.224398, 0.9586, -0.038673, 0.0, 0.0, 0.0, 1.0],
                [-0.941083, -0.33125, -0.068047, -0.150682, 0.3016, -0.91315, 0.274188, -0.056719, -0.15297, 0.237489, 0.95924, -0.027558, 0.0, 0.0, 0.0, 1.0],
                [-0.94793, -0.315064, -0.046468, -0.152325, 0.290323, -0.914854, 0.280606, -0.056692, -0.130927, 0.252483, 0.958673, -0.01642, 0.0, 0.0, 0.0, 1.0],
                [-0.953937, -0.29901, -0.024356, -0.153892, 0.279532, -0.915375, 0.289717, -0.056664, -0.10893, 0.269543, 0.956777, -0.005262, 0.0, 0.0, 0.0, 1.0],
                [-0.959116, -0.283002, -0.001649, -0.155379, 0.269346, -0.914574, 0.301649, -0.056635, -0.086882, 0.288852, 0.953393, 0.005915, 0.0, 0.0, 0.0, 1.0],
                [-0.963469, -0.26693, 0.02174, -0.156778, 0.259894, -0.912273, 0.316541, -0.056606, -0.064667, 0.310607, 0.948305, 0.017109, 0.0, 0.0, 0.0, 1.0],
                [-0.966986, -0.250649, 0.045937, -0.158082, 0.251319, -0.908236, 0.334562, -0.056578, -0.042141, 0.335042, 0.941229, 0.028319, 0.0, 0.0, 0.0, 1.0],
                [-0.969641, -0.233962, 0.071111, -0.159281, 0.243786, -0.902161, 0.355894, -0.056551, -0.019115, 0.362405, 0.931792, 0.039545, 0.0, 0.0, 0.0, 1.0],
                [-0.97138, -0.216601, 0.09749, -0.160363, 0.237487, -0.893661, 0.38073, -0.056526, 0.004654, 0.392967, 0.919508, 0.050787, 0.0, 0.0, 0.0, 1.0],
                [-0.972111, -0.198186, 0.125386, -0.161312, 0.232658, -0.882244, 0.409271, -0.056503, 0.029507, 0.42701, 0.903731, 0.062044, 0.0, 0.0, 0.0, 1.0],
                [-0.971678, -0.178172, 0.15523, -0.162109, 0.229596, -0.867277, 0.441705, -0.056484, 0.055927, 0.464816, 0.883604, 0.073316, 0.0, 0.0, 0.0, 1.0],
                [-0.969813, -0.155745, 0.187634, -0.162729, 0.228693, -0.847963, 0.478168, -0.056469, 0.084635, 0.506627, 0.857965, 0.084604, 0.0, 0.0, 0.0, 1.0],
                [-0.966044, -0.129644, 0.223495, -0.163138, 0.230488, -0.82331, 0.518674, -0.056459, 0.116765, 0.552558, 0.825217, 0.095909, 0.0, 0.0, 0.0, 1.0],
                [-0.959491, -0.097802, 0.264218, -0.163289, 0.235768, -0.792145, 0.562945, -0.056456, 0.154245, 0.602419, 0.783095, 0.107232, 0.0, 0.0, 0.0, 1.0],
                [-0.802384, 0.248487, 0.542601, -0.134609, 0.152033, -0.794083, 0.588476, -0.056456, 0.577119, 0.554665, 0.599364, 0.121054, 0.0, 0.0, 0.0, 1.0],
                [-0.384507, 0.499899, 0.776018, -0.05959, 0.131933, -0.802271, 0.582186, -0.056456, 0.913645, 0.326233, 0.242516, 0.137244, 0.0, 0.0, 0.0, 1.0],
                [-0.225302, 0.533498, 0.815206, 0.01543, 0.224095, -0.785925, 0.576272, -0.056456, 0.948167, 0.312519, 0.057508, 0.149617, 0.0, 0.0, 0.0, 1.0],
                [-0.193862, 0.609423, 0.768741, 0.04411, 0.262367, -0.722873, 0.639223, -0.056456, 0.945294, 0.325614, -0.019764, 0.153807, 0.0, 0.0, 0.0, 1.0],
                [-0.193389, 0.729861, 0.655626, 0.04411, 0.262902, -0.605271, 0.751341, -0.056456, 0.945242, 0.317669, -0.074837, 0.153807, 0.0, 0.0, 0.0, 1.0],
                [-0.194658, 0.836679, 0.51188, 0.04411, 0.267824, -0.456713, 0.848331, -0.056456, 0.943599, 0.302231, -0.135187, 0.153807, 0.0, 0.0, 0.0, 1.0],
                [-0.198054, 0.915372, 0.350454, 0.04411, 0.273262, -0.291817, 0.916596, -0.056456, 0.94133, 0.277304, -0.192348, 0.153807, 0.0, 0.0, 0.0, 1.0],
                [-0.204472, 0.960444, 0.188927, 0.04411, 0.276429, -0.128514, 0.952387, -0.056456, 0.93903, 0.246966, -0.239224, 0.153807, 0.0, 0.0, 0.0, 1.0],
                [-0.215335, 0.975448, 0.045741, 0.04411, 0.273908, 0.015351, 0.961615, -0.056456, 0.937339, 0.219603, -0.270496, 0.153807, 0.0, 0.0, 0.0, 1.0],
                [-0.232497, 0.970281, -0.066827, 0.04411, 0.261154, 0.128445, 0.956692, -0.056456, 0.93688, 0.204982, -0.283262, 0.153807, 0.0, 0.0, 0.0, 1.0],
                [-0.257729, 0.955186, -0.145489, 0.04411, 0.23291, 0.207531, 0.950072, -0.056456, 0.937725, 0.210981, -0.275966, 0.153807, 0.0, 0.0, 0.0, 1.0],
                [-0.291463, 0.93685, -0.193228, 0.04411, 0.185365, 0.253462, 0.949392, -0.056456, 0.93845, 0.240901, -0.247541, 0.153807, 0.0, 0.0, 0.0, 1.0],
                [-0.331388, 0.918754, -0.214597, 0.04411, 0.120118, 0.266659, 0.956248, -0.056456, 0.935817, 0.291118, -0.198735, 0.153807, 0.0, 0.0, 0.0, 1.0],
                [-0.372944, 0.90319, -0.212469, 0.04411, 0.046597, 0.24691, 0.967888, -0.056456, 0.926683, 0.351073, -0.134179, 0.153807, 0.0, 0.0, 0.0, 1.0],
                [-0.412729, 0.891735, -0.185601, 0.04411, -0.02206, 0.193898, 0.980745, -0.056456, 0.910587, 0.40888, -0.060368, 0.153807, 0.0, 0.0, 0.0, 1.0],
                [-0.418426, 0.904172, -0.08588, 0.04411, -0.020886, 0.084928, 0.996141, -0.056456, 0.908011, 0.418609, -0.016665, 0.153807, 0.0, 0.0, 0.0, 1.0],
                [-0.370664, 0.92552, 0.077429, 0.04411, 0.039766, -0.067503, 0.996902, -0.056456, 0.927915, 0.3726, -0.011795, 0.153807, 0.0, 0.0, 0.0, 1.0],
                [-0.279094, 0.926249, 0.253252, 0.04411, 0.112432, -0.230426, 0.966551, -0.056456, 0.953659, 0.298238, -0.039839, 0.153807, 0.0, 0.0, 0.0, 1.0],
                [-0.18289, 0.908475, 0.375744, 0.04411, 0.164344, -0.348591, 0.922735, -0.056456, 0.9693, 0.230517, -0.085555, 0.153807, 0.0, 0.0, 0.0, 1.0],
                [-0.142333, 0.898232, 0.415785, 0.04411, 0.181979, -0.389185, 0.902987, -0.056456, 0.972946, 0.204196, -0.108071, 0.153807, 0.0, 0.0, 0.0, 1.0],
                [-0.142333, 0.898232, 0.415785, 0.04411, 0.181979, -0.389185, 0.902987, -0.056456, 0.972946, 0.204196, -0.108071, 0.153807, 0.0, 0.0, 0.0, 1.0],
                [-0.142333, 0.898232, 0.415785, 0.04411, 0.181979, -0.389185, 0.902987, -0.056456, 0.972946, 0.204196, -0.108071, 0.153807, 0.0, 0.0, 0.0, 1.0]
            ]
        },
        {
            "name": "Leg_R",
            "time": [0.0, 0.0167, 0.0333, 0.05, 0.0667, 0.0833, 0.1, 0.1167, 0.1333, 0.15, 0.1667, 0.1833, 0.2, 0.2167, 0.2333, 0.25, 0.2667, 0.2833, 0.3, 0.3167, 0.3333, 0.35, 0.3667, 0.3833, 0.4, 0.4167, 0.4333, 0.45, 0.4667, 0.4833, 0.5, 0.5167, 0.5333, 0.55, 0.5667, 0.5833, 0.6, 0.6167, 0.6333, 0.65, 0.6667, 0.6833, 0.7, 0.7167, 0.7333, 0.75, 0.7667, 0.7833, 0.8, 0.8167, 0.8333, 0.85, 0.8667, 0.8833, 0.9, 0.9167, 0.9333, 0.95, 0.9667, 0.9833, 1.0, 1.0167, 1.0333, 1.05, 1.0667, 1.0833, 1.1, 1.1167, 1.1333, 1.15, 1.1667, 1.1833, 1.2, 1.2167, 1.2333, 1.25, 1.2667, 1.2833, 1.3, 1.3167, 1.3333, 1.35],
            "transform": [
                [1.0, -0.000379, -0.000167, -0.0, 0.00041, 0.961747, 0.273929, 0.375166, 5.7e-05, -0.273939, 0.96175, -0.0, 0.0, 0.0, 0.0, 1.0],
                [0.999999, -0.000872, -0.000852, 0.0, 0.000987, 0.167835, 0.985797, 0.375166, -0.000716, -0.985835, 0.167848, 0.0, 0.0, 0.0, 0.0, 1.0],
                [0.999999, -0.000881, -0.000929, -0.0, 0.000997, 0.080898, 0.996705, 0.375166, -0.000803, -0.996742, 0.08091, 0.0, 0.0, 0.0, 0.0, 1.0],
                [0.999999, -0.000884, -0.000985, -0.0, 0.001001, 0.017458, 0.999831, 0.375166, -0.000867, -0.999866, 0.017469, -0.0, 0.0, 0.0, 0.0, 1.0],
                [0.999999, -0.000884, -0.001028, -0.0, 0.001, -0.031203, 0.999497, 0.375166, -0.000916, -0.99953, -0.031192, -0.0, 0.0, 0.0, 0.0, 1.0],
                [0.999999, -0.000882, -0.001062, -0.0, 0.000998, -0.068862, 0.99761, 0.375166, -0.000953, -0.997643, -0.06885, -0.0, 0.0, 0.0, 0.0, 1.0],
                [0.999999, -0.00088, -0.001087, 0.0, 0.000996, -0.09803, 0.995168, 0.375166, -0.000982, -0.9952, -0.098019, -0.0, 0.0, 0.0, 0.0, 1.0],
                [0.999999, -0.000878, -0.001108, 0.0, 0.000993, -0.12086, 0.992654, 0.375166, -0.001005, -0.992685, -0.120849, 0.0, 0.0, 0.0, 0.0, 1.0],
                [0.999999, -0.000876, -0.001124, 0.0, 0.000991, -0.139543, 0.990201, 0.375166, -0.001024, -0.990231, -0.139533, 0.0, 0.0, 0.0, 0.0, 1.0],
                [0.999999, -0.000874, -0.001138, -0.0, 0.000989, -0.155569, 0.98781, 0.375166, -0.00104, -0.98784, -0.155559, 0.0, 0.0, 0.0, 0.0, 1.0],
                [0.999999, -0.000871, -0.001152, 0.0, 0.000986, -0.170857, 0.98528, 0.375166, -0.001055, -0.985311, -0.170846, 0.0, 0.0, 0.0, 0.0, 1.0],
                [0.999999, -0.000869, -0.001166, -0.0, 0.000983, -0.186873, 0.982369, 0.375166, -0.001071, -0.982399, -0.186862, -0.0, 0.0, 0.0, 0.0, 1.0],
                [0.999999, -0.000866, -0.001182, 0.0, 0.00098, -0.204675, 0.978815, 0.375166, -0.001089, -0.978844, -0.204664, 0.0, 0.0, 0.0, 0.0, 1.0],
                [0.999999, -0.000862, -0.001199, 0.0, 0.000975, -0.224738, 0.974404, 0.375166, -0.001109, -0.974433, -0.224728, -0.0, 0.0, 0.0, 0.0, 1.0],
                [0.999999, -0.000857, -0.001219, 0.0, 0.00097, -0.24692, 0.96902, 0.375166, -0.001131, -0.969049, -0.246909, -0.0, 0.0, 0.0, 0.0, 1.0],
                [0.999999, -0.000851, -0.00124, -0.0, 0.000963, -0.270328, 0.962753, 0.375166, -0.001155, -0.962782, -0.270317, 0.0, 0.0, 0.0, 0.0, 1.0],
                [0.999999, -0.000845, -0.00126, -0.0, 0.000957, -0.293297, 0.956006, 0.375166, -0.001178, -0.956034, -0.293285, 0.0, 0.0, 0.0, 0.0, 1.0],
                [0.999999, -0.00084, -0.001278, 0.0, 0.00095, -0.313339, 0.949627, 0.375166, -0.001198, -0.949654, -0.313328, -0.0, 0.0, 0.0, 0.0, 1.0],
                [0.999999, -0.000835, -0.001292, 0.0, 0.000945, -0.32975, 0.944054, 0.375166, -0.001214, -0.94408, -0.329739, 0.0, 0.0, 0.0, 0.0, 1.0],
                [0.999999, -0.00083, -0.001306, -0.0, 0.000939, -0.344804, 0.93866, 0.375166, -0.001229, -0.938686, -0.344793, -0.0, 0.0, 0.0, 0.0, 1.0],
                [0.999999, -0.000826, -0.001316, 0.0, 0.000935, -0.356845, 0.934149, 0.375166, -0.001241, -0.934175, -0.356834, -0.0, 0.0, 0.0, 0.0, 1.0],
                [0.999999, -0.000823, -0.001324, -0.0, 0.000931, -0.365615, 0.930752, 0.375166, -0.00125, -0.930777, -0.365604, 0.0, 0.0, 0.0, 0.0, 1.0],
                [0.999999, -0.000821, -0.001329, -0.0, 0.000929, -0.371111, 0.928574, 0.375166, -0.001256, -0.9286, -0.3711, 0.0, 0.0, 0.0, 0.0, 1.0],
                [0.999999, -0.00082, -0.001331, 0.0, 0.000928, -0.37342, 0.927648, 0.375166, -0.001258, -0.927674, -0.373408, 0.0, 0.0, 0.0, 0.0, 1.0],
                [0.999999, -0.000821, -0.00133, 0.0, 0.000929, -0.37267, 0.927949, 0.375166, -0.001257, -0.927976, -0.372659, 0.0, 0.0, 0.0, 0.0, 1.0],
                [0.999999, -0.000822, -0.001327, -0.0, 0.00093, -0.36902, 0.929407, 0.375166, -0.001254, -0.929433, -0.369008, 0.0, 0.0, 0.0, 0.0, 1.0],
                [0.999999, -0.000824, -0.001321, 0.0, 0.000933, -0.362646, 0.931912, 0.375166, -0.001247, -0.931939, -0.362634, 0.0, 0.0, 0.0, 0.0, 1.0],
                [0.999999, -0.000827, -0.001313, -0.0, 0.000936, -0.353742, 0.935328, 0.375166, -0.001238, -0.935355, -0.35373, 0.0, 0.0, 0.0, 0.0, 1.0],
                [0.999999, -0.000831, -0.001304, -0.0, 0.00094, -0.342522, 0.939495, 0.375166, -0.001227, -0.939522, -0.342511, 0.0, 0.0, 0.0, 0.0, 1.0],
                [0.999999, -0.000835, -0.001292, -0.0, 0.000945, -0.329218, 0.944238, 0.375166, -0.001214, -0.944267, -0.329207, 0.0, 0.0, 0.0, 0.0, 1.0],
                [0.999999, -0.00084, -0.001278, 0.0, 0.00095, -0.314085, 0.949379, 0.375166, -0.001199, -0.949408, -0.314073, 0.0, 0.0, 0.0, 0.0, 1.0],
                [0.999999, -0.000844, -0.001264, -0.0, 0.000955, -0.2974, 0.954737, 0.375166, -0.001182, -0.954766, -0.297389, -0.0, 0.0, 0.0, 0.0, 1.0],
                [0.999999, -0.000849, -0.001248, 0.0, 0.000961, -0.279474, 0.960138, 0.375166, -0.001164, -0.960167, -0.279463, -0.0, 0.0, 0.0, 0.0, 1.0],
                [0.999999, -0.000854, -0.001231, 0.0, 0.000966, -0.260649, 0.965418, 0.375166, -0.001145, -0.965448, -0.260638, 0.0, 0.0, 0.0, 0.0, 1.0],
                [0.999999, -0.000858, -0.001214, -0.0, 0.000971, -0.241314, 0.970431, 0.375166, -0.001126, -0.970462, -0.241303, 0.0, 0.0, 0.0, 0.0, 1.0],
                [0.999999, -0.000862, -0.001197, -0.0, 0.000976, -0.221911, 0.975051, 0.375166, -0.001106, -0.975082, -0.2219, -0.0, 0.0, 0.0, 0.0, 1.0],
                [0.999999, -0.000866, -0.00118, 0.0, 0.00098, -0.202948, 0.979173, 0.375166, -0.001087, -0.979205, -0.202937, 0.0, 0.0, 0.0, 0.0, 1.0],
                [0.999999, -0.000868, -0.001168, 0.0, 0.000983, -0.189191, 0.981924, 0.375166, -0.001074, -0.981956, -0.18918, 0.0, 0.0, 0.0, 0.0, 1.0],
                [0.999999, -0.00087, -0.00116, -0.0, 0.000984, -0.179836, 0.98368, 0.375166, -0.001064, -0.983712, -0.179825, 0.0, 0.0, 0.0, 0.0, 1.0],
                [0.999999, -0.000871, -0.001154, -0.0, 0.000986, -0.17282, 0.984937, 0.375166, -0.001057, -0.984969, -0.172809, -0.0, 0.0, 0.0, 0.0, 1.0],
                [0.999999, -0.000872, -0.001149, -0.0, 0.000987, -0.167685, 0.985824, 0.375166, -0.001052, -0.985857, -0.167674, 0.0, 0.0, 0.0, 0.0, 1.0],
                [0.999999, -0.000872, -0.001146, -0.0, 0.000987, -0.164254, 0.986401, 0.375166, -0.001049, -0.986434, -0.164242, 0.0, 0.0, 0.0, 0.0, 1.0],
                [0.999999, -0.000873, -0.001144, 0.0, 0.000987, -0.16245, 0.9867, 0.375166, -0.001047, -0.986733, -0.162439, -0.0, 0.0, 0.0, 0.0, 1.0],
                [0.999999, -0.000873, -0.001144, 0.0, 0.000987, -0.162245, 0.986734, 0.375166, -0.001047, -0.986766, -0.162234, 0.0, 0.0, 0.0, 0.0, 1.0],
                [0.999999, -0.000872, -0.001145, -0.0, 0.000987, -0.163634, 0.986505, 0.375166, -0.001048, -0.986537, -0.163623, 0.0, 0.0, 0.0, 0.0, 1.0],
                [0.999999, -0.000872, -0.001148, 0.0, 0.000987, -0.166623, 0.986004, 0.375166, -0.001051, -0.986037, -0.166612, -0.0, 0.0, 0.0, 0.0, 1.0],
                [0.999999, -0.000871, -0.001152, 0.0, 0.000986, -0.17123, 0.985215, 0.375166, -0.001056, -0.985247, -0.171219, -0.0, 0.0, 0.0, 0.0, 1.0],
                [0.999999, -0.00087, -0.001158, -0.0, 0.000985, -0.177473, 0.984109, 0.375166, -0.001062, -0.984141, -0.177462, -0.0, 0.0, 0.0, 0.0, 1.0],
                [0.999999, -0.000869, -0.001165, -0.0, 0.000983, -0.185369, 0.982653, 0.375166, -0.00107, -0.982685, -0.185358, -0.0, 0.0, 0.0, 0.0, 1.0],
                [0.999999, -0.000867, -0.001173, 0.0, 0.000982, -0.194933, 0.9808, 0.375166, -0.001079, -0.980832, -0.194922, -0.0, 0.0, 0.0, 0.0, 1.0],
                [0.999999, -0.000865, -0.001183, -0.0, 0.000979, -0.20617, 0.9785, 0.375166, -0.001091, -0.978531, -0.206159, 0.0, 0.0, 0.0, 0.0, 1.0],
                [0.999999, -0.000863, -0.001194, -0.0, 0.000976, -0.219066, 0.975694, 0.375166, -0.001104, -0.975725, -0.219055, 0.0, 0.0, 0.0, 0.0, 1.0],
                [0.999999, -0.00086, -0.001207, -0.0, 0.000973, -0.233611, 0.972314, 0.375166, -0.001118, -0.972345, -0.2336, 0.0, 0.0, 0.0, 0.0, 1.0],
                [0.999999, -0.000856, -0.001222, 0.0, 0.000969, -0.24976, 0.968292, 0.375166, -0.001134, -0.968322, -0.249748, 0.0, 0.0, 0.0, 0.0, 1.0],
                [0.999999, -0.000852, -0.001237, -0.0, 0.000964, -0.267431, 0.963561, 0.375166, -0.001152, -0.963591, -0.26742, 0.0, 0.0, 0.0, 0.0, 1.0],
                [0.999999, -0.000847, -0.001254, 0.0, 0.000959, -0.286494, 0.958066, 0.375166, -0.001171, -0.958096, -0.286483, 0.0, 0.0, 0.0, 0.0, 1.0],
                [0.999999, -0.000842, -0.001272, -0.0, 0.000952, -0.306739, 0.951778, 0.375166, -0.001191, -0.951807, -0.306728, 0.0, 0.0, 0.0, 0.0, 1.0],
                [0.999999, -0.000835, -0.001291, -0.0, 0.000945, -0.327844, 0.944717, 0.375166, -0.001212, -0.944745, -0.327832, 0.0, 0.0, 0.0, 0.0, 1.0],
                [0.999999, -0.000829, -0.00131, 0.0, 0.000938, -0.349302, 0.936995, 0.375166, -0.001234, -0.937023, -0.34929, 0.0, 0.0, 0.0, 0.0, 1.0],
                [0.999999, -0.000821, -0.001328, 0.0, 0.00093, -0.370311, 0.928893, 0.375166, -0.001255, -0.92892, -0.3703, -0.0, 0.0, 0.0, 0.0, 1.0],
                [0.999999, -0.000813, -0.00135, 0.0, 0.00092, -0.39453, 0.918869, 0.375166, -0.001279, -0.918895, -0.394518, 0.0, 0.0, 0.0, 0.0, 1.0],
                [0.999999, -0.000812, -0.00135, 0.0, 0.000919, -0.394973, 0.918678, 0.375166, -0.00128, -0.918704, -0.394962, -0.0, 0.0, 0.0, 0.0, 1.0],
                [0.999999, -0.000817, -0.00134, -0.0, 0.000924, -0.383866, 0.923374, 0.375166, -0.001268, -0.9234, -0.383855, 0.0, 0.0, 0.0, 0.0, 1.0],
                [0.999999, -0.000807, -0.001363, 0.0, 0.000913, -0.409663, 0.912223, 0.375166, -0.001294, -0.912248, -0.409651, -0.0, 0.0, 0.0, 0.0, 1.0],
                [0.999999, -0.000775, -0.001426, -0.0, 0.000877, -0.480974, 0.876722, 0.375166, -0.001366, -0.876744, -0.480961, -0.0, 0.0, 0.0, 0.0, 1.0],
                [0.999999, -0.000742, -0.001482, -0.0, 0.000839, -0.54454, 0.838723, 0.375166, -0.001429, -0.838743, -0.544528, -0.0, 0.0, 0.0, 0.0, 1.0],
                [0.999999, -0.000717, -0.001518, 0.0, 0.000812, -0.585049, 0.810987, 0.375166, -0.00147, -0.811005, -0.585035, 0.0, 0.0, 0.0, 0.0, 1.0],
                [0.999999, -0.000708, -0.001531, -0.0, 0.000801, -0.599919, 0.80005, 0.375166, -0.001485, -0.800067, -0.599906, 0.0, 0.0, 0.0, 0.0, 1.0],
                [0.999999, -0.000714, -0.001523, -0.0, 0.000808, -0.590501, 0.807026, 0.375166, -0.001475, -0.807043, -0.590488, -0.0, 0.0, 0.0, 0.0, 1.0],
                [0.999999, -0.000733, -0.001496, -0.0, 0.000829, -0.559809, 0.828611, 0.375166, -0.001445, -0.828629, -0.559796, 0.0, 0.0, 0.0, 0.0, 1.0],
                [0.999999, -0.00076, -0.001453, -0.0, 0.00086, -0.511562, 0.859234, 0.375166, -0.001396, -0.859255, -0.511549, 0.0, 0.0, 0.0, 0.0, 1.0],
                [0.999999, -0.00079, -0.001398, 0.0, 0.000894, -0.44959, 0.893222, 0.375166, -0.001334, -0.893245, -0.449578, 0.0, 0.0, 0.0, 0.0, 1.0],
                [0.999999, -0.000819, -0.001334, -0.0, 0.000927, -0.377317, 0.926069, 0.375166, -0.001262, -0.926095, -0.377306, -0.0, 0.0, 0.0, 0.0, 1.0],
                [0.999999, -0.000844, -0.001264, -0.0, 0.000955, -0.297859, 0.954594, 0.375166, -0.001182, -0.954623, -0.297848, -0.0, 0.0, 0.0, 0.0, 1.0],
                [0.999999, -0.000864, -0.001188, 0.0, 0.000978, -0.211999, 0.977254, 0.375166, -0.001097, -0.977285, -0.211988, 0.0, 0.0, 0.0, 0.0, 1.0],
                [0.999999, -0.000876, -0.001119, -0.0, 0.000992, -0.134095, 0.990952, 0.375166, -0.001019, -0.990985, -0.134084, 0.0, 0.0, 0.0, 0.0, 1.0],
                [0.999999, -0.000884, -0.00103, 0.0, 0.001, -0.033651, 0.999416, 0.375166, -0.000918, -0.999452, -0.033639, -0.0, 0.0, 0.0, 0.0, 1.0],
                [0.999999, -0.000881, -0.000928, 0.0, 0.000997, 0.082295, 0.99659, 0.375166, -0.000802, -0.996628, 0.082307, -0.0, 0.0, 0.0, 0.0, 1.0],
                [0.999999, -0.000871, -0.000846, 0.0, 0.000985, 0.175001, 0.98455, 0.375166, -0.000709, -0.984589, 0.175014, -0.0, 0.0, 0.0, 0.0, 1.0],
                [0.999999, -0.000865, -0.000816, -0.0, 0.000979, 0.208408, 0.978023, 0.375166, -0.000676, -0.978063, 0.208422, -0.0, 0.0, 0.0, 0.0, 1.0],
                [0.999999, -0.000865, -0.000816, -0.0, 0.000979, 0.208408, 0.978023, 0.375166, -0.000676, -0.978063, 0.208422, -0.0, 0.0, 0.0, 0.0, 1.0],
                [0.999999, -0.000865, -0.000816, -0.0, 0.000979, 0.208408, 0.978023, 0.375166, -0.000676, -0.978063, 0.208422, -0.0, 0.0, 0.0, 0.0, 1.0]
            ]
        },
        {
            "name": "Knee_R",
            "time": [0.0, 0.0167, 0.0333, 0.05, 0.0667, 0.0833, 0.1, 0.1167, 0.1333, 0.15, 0.1667, 0.1833, 0.2, 0.2167, 0.2333, 0.25, 0.2667, 0.2833, 0.3, 0.3167, 0.3333, 0.35, 0.3667, 0.3833, 0.4, 0.4167, 0.4333, 0.45, 0.4667, 0.4833, 0.5, 0.5167, 0.5333, 0.55, 0.5667, 0.5833, 0.6, 0.6167, 0.6333, 0.65, 0.6667, 0.6833, 0.7, 0.7167, 0.7333, 0.75, 0.7667, 0.7833, 0.8, 0.8167, 0.8333, 0.85, 0.8667, 0.8833, 0.9, 0.9167, 0.9333, 0.95, 0.9667, 0.9833, 1.0, 1.0167, 1.0333, 1.05, 1.0667, 1.0833, 1.1, 1.1167, 1.1333, 1.15, 1.1667, 1.1833, 1.2, 1.2167, 1.2333, 1.25, 1.2667, 1.2833, 1.3, 1.3167, 1.3333, 1.35],
            "transform": [
                [1.0, -5.7e-05, 5.4e-05, -0.0, 5.7e-05, 0.048757, -0.998811, 0.375166, 5.4e-05, 0.998811, 0.048757, -0.0, 0.0, 0.0, 0.0, 1.0],
