{
    "animation": [
        {
            "name": "Root",
            "time": [0.0, 2.3333],
            "transform": [
                [1.0, 0.0, 0.0, -5e-06, 0.0, -0.0, -1.0, 0.000946, 0.0, 1.0, -0.0, 0.763972, 0.0, 0.0, 0.0, 1.0],
                [1.0, 0.0, 0.0, -5e-06, 0.0, -0.0, -1.0, 0.000946, 0.0, 1.0, -0.0, 0.763972, 0.0, 0.0, 0.0, 1.0]
            ]
        },
        {
            "name": "Thigh_R",
            "time": [0.0, 2.3333],
            "transform": [
                [0.887547, 0.434082, 0.154376, 0.124994, 0.304504, -0.804156, 0.510498, -0.002831, 0.34574, -0.406082, -0.845908, -1.2e-05, 0.0, 0.0, 0.0, 1.0],
                [0.887541, 0.434097, 0.154369, 0.124994, 0.304521, -0.80415, 0.510497, -0.002831, 0.345741, -0.406078, -0.84591, -1.2e-05, 0.0, 0.0, 0.0, 1.0]
            ]
        },
        {
            "name": "Leg_R",
            "time": [0.0, 2.3333],
            "transform": [
                [0.98906, 0.138166, -0.05168, -0.0, -0.046337, 0.623595, 0.780373, 0.37472, 0.140048, -0.769442, 0.623174, -0.0, 0.0, 0.0, 0.0, 1.0],
                [0.98906, 0.138167, -0.051668, -0.0, -0.046348, 0.623599, 0.780369, 0.37472, 0.140042, -0.769438, 0.62318, -0.0, 0.0, 0.0, 0.0, 1.0]
            ]
        },
        {
            "name": "Leg_R_end",
            "time": [2.3333, 0.0],
            "transform": [
                [1.0, 0.0, 0.0, -0.0, -0.0, 1.0, -0.0, 0.375, -0.0, -0.0, 1.0, -0.0, 0.0, 0.0, 0.0, 1.0],
                [1.0, 0.0, 0.0, -0.0, -0.0, 1.0, 0.0, 0.375, -0.0, -0.0, 1.0, -0.0, 0.0, 0.0, 0.0, 1.0]
            ]
        },
        {
            "name": "Knee_R",
            "time": [0.0, 2.3333],
            "transform": [
                [1.0, -1e-06, 0.0, -0.0, -0.0, -0.0, -1.0, 0.37472, 1e-06, 1.0, -0.0, -0.0, 0.0, 0.0, 0.0, 1.0],
                [1.0, -1e-06, 0.0, -0.0, -0.0, -0.0, -1.0, 0.37472, 1e-06, 1.0, -0.0, -0.0, 0.0, 0.0, 0.0, 1.0]
            ]
        },
        {
            "name": "Knee_R_end",
            "time": [2.3333, 0.0],
            "transform": [
                [1.0, 1e-06, 0.0, -0.0, -1e-06, 1.0, 0.0, 0.1, 0.0, -0.0, 1.0, 0.0, 0.0, 0.0, 0.0, 1.0],
                [1.0, 1e-06, -0.0, 0.0, -1e-06, 1.0, 0.0, 0.1, -0.0, -0.0, 1.0, -0.0, 0.0, 0.0, 0.0, 1.0]
            ]
        },
        {
            "name": "Thigh_L",
            "time": [0.0, 2.3333],
            "transform": [
                [0.889555, -0.420306, -0.17898, -0.125006, -0.269616, -0.799312, 0.537035, -0.002831, -0.36878, -0.429466, -0.824354, -1.2e-05, 0.0, 0.0, 0.0, 1.0],
                [0.889549, -0.420306, -0.17901, -0.125006, -0.269595, -0.799309, 0.53705, -0.002831, -0.36881, -0.429472, -0.824338, -1.2e-05, 0.0, 0.0, 0.0, 1.0]
            ]
        },
        {
            "name": "Leg_L",
            "time": [0.0, 2.3333],
            "transform": [
                [0.972805, 0.17417, 0.152695, -0.0, -0.230961, 0.679398, 0.696474, 0.37472, 0.017564, -0.712799, 0.701148, -0.0, 0.0, 0.0, 0.0, 1.0],
                [0.972806, 0.174146, 0.152715, -0.0, -0.230958, 0.679392, 0.696481, 0.37472, 0.017536, -0.712811, 0.701137, 0.0, 0.0, 0.0, 0.0, 1.0]
            ]
        },
        {
            "name": "Leg_L_end",
            "time": [2.3333, 0.0],
            "transform": [
                [1.0, -0.0, -0.0, 0.0, -0.0, 1.0, -0.0, 0.375, 0.0, -0.0, 1.0, -0.0, 0.0, 0.0, 0.0, 1.0],
                [1.0, -0.0, 0.0, -0.0, 0.0, 1.0, -0.0, 0.375, -0.0, -0.0, 1.0, 0.0, 0.0, 0.0, 0.0, 1.0]
            ]
        },
        {
            "name": "Knee_L",
            "time": [0.0, 2.3333],
            "transform": [
                [1.0, -0.0, 0.0, -0.0, 0.0, -0.0, -1.0, 0.37472, 0.0, 1.0, 0.0, -0.0, 0.0, 0.0, 0.0, 1.0],
                [1.0, -0.0, 0.0, -0.0, 0.0, 0.0, -1.0, 0.37472, 0.0, 1.0, 0.0, 0.0, 0.0, 0.0, 0.0, 1.0]
            ]
        },
        {
            "name": "Knee_L_end",
            "time": [2.3333, 0.0],
            "transform": [
                [1.0, 0.0, -0.0, -0.0, -0.0, 1.0, 0.0, 0.1, 0.0, 0.0, 1.0, 0.0, 0.0, 0.0, 0.0, 1.0],
                [1.0, 0.0, 0.0, 0.0, -0.0, 1.0, 0.0, 0.1, 0.0, -0.0, 1.0, 0.0, 0.0, 0.0, 0.0, 1.0]
            ]
        },
        {
            "name": "Torso",
            "time": [0.0, 2.3333],
            "transform": [
                [0.996838, -0.079339, 0.00446, 0.0, 0.077561, 0.983637, 0.162611, 0.05, -0.017289, -0.16175, 0.98668, 0.0, 0.0, 0.0, 0.0, 1.0],
                [0.996839, -0.079331, 0.004412, 0.0, 0.077561, 0.983639, 0.162603, 0.05, -0.017239, -0.161747, 0.986682, 0.0, 0.0, 0.0, 0.0, 1.0]
            ]
        },
        {
            "name": "Chest",
            "time": [0.0, 2.3333],
            "transform": [
                [0.986777, -0.162034, -0.003905, 0.0, 0.154709, 0.93444, 0.32076, 0.3, -0.048326, -0.317123, 0.947152, -0.0, 0.0, 0.0, 0.0, 1.0],
                [0.986781, -0.16201, -0.003996, 0.0, 0.154716, 0.934445, 0.320742, 0.3, -0.048229, -0.317121, 0.947158, 0.0, 0.0, 0.0, 0.0, 1.0]
            ]
        },
        {
            "name": "Head",
            "time": [0.0, 2.3333],
            "transform": [
                [0.885839, 0.189303, 0.423619, -0.0, -0.042161, 0.942051, -0.332811, 0.4, -0.462073, 0.276957, 0.842487, -0.0, 0.0, 0.0, 0.0, 1.0],
                [0.885839, 0.189304, 0.42362, 0.0, -0.042163, 0.942052, -0.332808, 0.4, -0.462074, 0.276953, 0.842487, 0.0, 0.0, 0.0, 0.0, 1.0]
            ]
        },
        {
            "name": "Head_end",
            "time": [2.3333, 0.0],
            "transform": [
                [1.0, -0.0, -0.0, -0.0, 0.0, 1.0, -0.0, 0.444996, -0.0, -0.0, 1.0, -0.0, 0.0, 0.0, 0.0, 1.0],
                [1.0, 0.0, -0.0, 0.0, 0.0, 1.0, -0.0, 0.444996, -0.0, -0.0, 1.0, 0.0, 0.0, 0.0, 0.0, 1.0]
            ]
        },
        {
            "name": "Shoulder_R",
            "time": [0.0, 2.3333],
            "transform": [
                [0.184951, 0.939553, 0.288154, -0.0, -0.093992, -0.274957, 0.956851, 0.4, 0.978243, -0.204055, 0.037457, -0.0, 0.0, 0.0, 0.0, 1.0],
                [0.184873, 0.939558, 0.288187, 0.0, -0.093994, -0.274993, 0.956841, 0.4, 0.978257, -0.203982, 0.037474, 0.0, 0.0, 0.0, 0.0, 1.0]
            ]
        },
        {
            "name": "Arm_R",
            "time": [0.0, 2.3333],
            "transform": [
                [0.742147, -0.040047, -0.669039, -0.0, 0.307487, 0.90731, 0.286777, 0.393861, 0.595541, -0.418551, 0.685672, 0.0, 0.0, 0.0, 0.0, 1.0],
                [0.742141, -0.040049, -0.669046, -0.0, 0.307484, 0.907315, 0.286765, 0.393861, 0.595551, -0.418541, 0.68567, -0.0, 0.0, 0.0, 0.0, 1.0]
            ]
        },
        {
            "name": "Hand_R",
            "time": [0.0, 2.3333],
            "transform": [
                [0.98758, -0.000873, 0.157115, 0.0, 0.147347, -0.341999, -0.928076, 0.3, 0.054543, 0.9397, -0.337623, 0.0, 0.0, 0.0, 0.0, 1.0],
                [0.987578, -0.000873, 0.157124, 0.0, 0.147355, -0.341987, -0.928079, 0.3, 0.054544, 0.939705, -0.33761, 0.0, 0.0, 0.0, 0.0, 1.0]
            ]
        },
        {
            "name": "Tool_R",
            "time": [0.0, 2.3333],
            "transform": [
                [0.968534, -0.203005, -0.144113, 0.0, -0.166256, -0.958294, 0.232521, 0.272858, -0.185208, -0.201148, -0.961261, -0.0, 0.0, 0.0, 0.0, 1.0],
                [0.968535, -0.202998, -0.144112, -0.0, -0.166248, -0.958293, 0.232531, 0.272858, -0.185208, -0.201159, -0.961259, -0.0, 0.0, 0.0, 0.0, 1.0]
            ]
        },
        {
            "name": "Tool_R_end",
            "time": [2.3333, 0.0],
            "transform": [
                [1.0, 0.0, -0.0, 0.0, -0.0, 1.0, -0.0, 0.326382, 0.0, 0.0, 1.0, -0.0, 0.0, 0.0, 0.0, 1.0],
                [1.0, 0.0, -0.0, -0.0, -0.0, 1.0, -0.0, 0.326382, 0.0, -0.0, 1.0, -0.0, 0.0, 0.0, 0.0, 1.0]
            ]
        },
        {
            "name": "Elbow_R",
            "time": [0.0, 2.3333],
            "transform": [
                [-1.0, -1e-06, 0.0, 0.0, 0.0, -0.0, -1.0, 0.3, 1e-06, -1.0, 0.0, 0.0, 0.0, 0.0, 0.0, 1.0],
                [-1.0, -1e-06, -0.0, 0.0, 0.0, -0.0, -1.0, 0.3, 1e-06, -1.0, 0.0, 0.0, 0.0, 0.0, 0.0, 1.0]
            ]
        },
        {
            "name": "Elbow_R_end",
            "time": [2.3333, 0.0],
            "transform": [
                [1.0, -1e-06, 0.0, 0.0, 1e-06, 1.0, 0.0, 0.1, -0.0, -0.0, 1.0, 0.0, 0.0, 0.0, 0.0, 1.0],
                [1.0, -1e-06, 0.0, -0.0, 1e-06, 1.0, 0.0, 0.1, -0.0, -0.0, 1.0, 0.0, 0.0, 0.0, 0.0, 1.0]
            ]
        },
        {
            "name": "Shoulder_L",
            "time": [0.0, 2.3333],
            "transform": [
                [0.199433, -0.928687, -0.312676, -0.0, 0.106198, -0.296723, 0.94904, 0.4, -0.97414, -0.222476, 0.039449, -0.0, 0.0, 0.0, 0.0, 1.0],
                [0.199541, -0.928675, -0.312645, 0.0, 0.1062, -0.296686, 0.949052, 0.4, -0.974118, -0.222577, 0.039424, 0.0, 0.0, 0.0, 0.0, 1.0]
            ]
        },
        {
            "name": "Arm_L",
            "time": [0.0, 2.3333],
            "transform": [
                [0.4056, 0.111052, 0.90728, -0.0, -0.393407, 0.917161, 0.063611, 0.39386, -0.825058, -0.38273, 0.415689, 0.0, 0.0, 0.0, 0.0, 1.0],
                [0.40561, 0.110995, 0.907282, 0.0, -0.393398, 0.917161, 0.063669, 0.39386, -0.825056, -0.382748, 0.415675, 0.0, 0.0, 0.0, 0.0, 1.0]
            ]
        },
        {
            "name": "Hand_L",
            "time": [0.0, 2.3333],
            "transform": [
                [0.999999, 0.000746, 0.000588, -0.0, -0.000142, 0.729333, -0.684158, 0.3, -0.000939, 0.684158, 0.729333, 0.0, 0.0, 0.0, 0.0, 1.0],
                [0.999999, 0.000745, 0.000591, 0.0, -0.000139, 0.729312, -0.68418, 0.3, -0.000941, 0.68418, 0.729312, 0.0, 0.0, 0.0, 0.0, 1.0]
            ]
        },
        {
            "name": "Tool_L",
            "time": [0.0, 2.3333],
            "transform": [
                [0.897224, 0.210039, -0.38854, -0.0, 0.273948, -0.954698, 0.116418, 0.272858, -0.346341, -0.210794, -0.913434, -0.0, 0.0, 0.0, 0.0, 1.0],
                [0.897223, 0.210045, -0.388539, 0.0, 0.273946, -0.9547, 0.116399, 0.272858, -0.346344, -0.210776, -0.913437, 0.0, 0.0, 0.0, 0.0, 1.0]
            ]
        },
        {
            "name": "Tool_L_end",
            "time": [2.3333, 0.0],
            "transform": [
                [1.0, 0.0, -0.0, -0.0, -0.0, 1.0, 0.0, 0.326382, 0.0, -0.0, 1.0, -0.0, 0.0, 0.0, 0.0, 1.0],
                [1.0, 0.0, -0.0, -0.0, -0.0, 1.0, 0.0, 0.326382, 0.0, -0.0, 1.0, 0.0, 0.0, 0.0, 0.0, 1.0]
            ]
        },
        {
            "name": "Elbow_L",
            "time": [0.0, 2.3333],
            "transform": [
                [-1.0, 0.0, -0.0, -0.0, 0.0, -0.0, -1.0, 0.3, -0.0, -1.0, 0.0, 0.0, 0.0, 0.0, 0.0, 1.0],
                [-1.0, 0.0, -0.0, 0.0, 0.0, -0.0, -1.0, 0.3, -0.0, -1.0, 0.0, 0.0, 0.0, 0.0, 0.0, 1.0]
            ]
        },
        {
            "name": "Elbow_L_end",
            "time": [2.3333, 0.0],
            "transform": [
                [1.0, 0.0, -0.0, 0.0, -0.0, 1.0, 0.0, 0.1, 0.0, 0.0, 1.0, -0.0, 0.0, 0.0, 0.0, 1.0],
                [1.0, 0.0, -0.0, -0.0, -0.0, 1.0, 0.0, 0.1, 0.0, -0.0, 1.0, 0.0, 0.0, 0.0, 0.0, 1.0]
            ]
        }
    ]
}