{
    "animation": [
        {
            "name": "Bone.011",
            "time": [0.0333, 3.4667],
            "transform": [
                [1.0, 0.0, 0.0, 0.0, 0.0, 1.0, 0.0, 0.0, 0.0, 0.0, 1.0, 0.0, 0.0, 0.0, 0.0, 1.0],
                [1.0, 0.0, 0.0, 0.0, 0.0, 1.0, 0.0, 0.0, 0.0, 0.0, 1.0, 0.0, 0.0, 0.0, 0.0, 1.0]
            ]
        },
        {
            "name": "Body",
            "time": [0.0333, 0.0667, 0.1, 0.1333, 0.1667, 0.2, 0.2333, 0.2667, 0.3, 0.3333, 0.3667, 0.4, 0.4333, 0.4667, 0.5, 0.5333, 0.5667, 0.6, 0.6333, 0.6667, 0.7, 0.7333, 0.7667, 0.8, 0.8333, 0.8667, 0.9, 0.9333, 0.9667, 1.0, 1.0333, 1.0667, 1.1, 1.1333, 1.1667, 1.2, 1.2333, 1.2667, 1.3, 1.3333, 1.3667, 1.4, 1.4333, 1.4667, 1.5, 1.5333, 1.5667, 1.6, 1.6333, 1.6667, 1.7, 1.7333, 1.7667, 1.8, 1.8333, 1.8667, 1.9, 1.9333, 1.9667, 2.0, 2.0333, 2.0667, 2.1, 2.1333, 2.1667, 2.2, 2.2333, 2.2667, 2.3, 2.3333, 2.3667, 2.4, 2.4333, 2.4667, 2.5, 2.5333, 2.5667, 2.6, 2.6333, 2.6667, 2.7, 2.7333, 2.7667, 2.8, 2.8333, 2.8667, 2.9, 2.9333, 2.9667, 3.0, 3.0333, 3.0667, 3.1, 3.1333, 3.1667, 3.2, 3.2333, 3.2667, 3.3, 3.3333, 3.3667, 3.4, 3.4333, 3.4667],
            "transform": [
                [0.993174, -0.068518, -0.0944, 0.0, -0.101055, -0.101226, -0.989718, -0.0, 0.058258, 0.992501, -0.107459, -0.0, 0.0, 0.0, 0.0, 1.0],
                [0.990522, -0.082354, -0.109924, 0.0, -0.11668, -0.08229, -0.989754, -0.0, 0.072465, 0.9932, -0.091119, -0.0, 0.0, 0.0, 0.0, 1.0],
                [0.987833, -0.094702, -0.123355, 0.0, -0.130408, -0.07228, -0.988822, -0.0, 0.084727, 0.992878, -0.08375, -0.0, 0.0, 0.0, 0.0, 1.0],
                [0.985377, -0.105199, -0.134037, 0.0, -0.142073, -0.072993, -0.987161, -0.0, 0.094064, 0.991769, -0.086871, -0.0, 0.0, 0.0, 0.0, 1.0],
                [0.983538, -0.111772, -0.141986, 0.0, -0.151363, -0.080402, -0.985203, -0.0, 0.098702, 0.990476, -0.095997, -0.0, 0.0, 0.0, 0.0, 1.0],
                [0.982705, -0.111795, -0.147624, 0.0, -0.157501, -0.085349, -0.983824, -0.0, 0.097387, 0.990059, -0.10148, -0.0, 0.0, 0.0, 0.0, 1.0],
                [0.982985, -0.106045, -0.149981, 0.0, -0.159901, -0.092197, -0.982818, -0.0, 0.090395, 0.990078, -0.107585, -0.0, 0.0, 0.0, 0.0, 1.0],
                [0.984125, -0.096808, -0.148746, 0.0, -0.158931, -0.107738, -0.981394, -0.0, 0.078981, 0.989455, -0.121413, -0.0, 0.0, 0.0, 0.0, 1.0],
                [0.985721, -0.086202, -0.144652, 0.0, -0.155314, -0.13353, -0.978799, -0.0, 0.065059, 0.987289, -0.145011, -0.0, 0.0, 0.0, 0.0, 1.0],
                [0.987743, -0.074368, -0.137236, 0.0, -0.147975, -0.16633, -0.974904, -0.0, 0.049676, 0.983262, -0.175295, -0.0, 0.0, 0.0, 0.0, 1.0],
                [0.989688, -0.065543, -0.127366, 0.0, -0.137836, -0.193805, -0.971309, -0.0, 0.038978, 0.978848, -0.200841, -0.0, 0.0, 0.0, 0.0, 1.0],
                [0.990862, -0.062313, -0.119625, 0.0, -0.130244, -0.211464, -0.968669, -0.0, 0.035064, 0.975397, -0.217648, -0.0, 0.0, 0.0, 0.0, 1.0],
                [0.990898, -0.062931, -0.118997, 0.0, -0.130106, -0.220908, -0.966577, -0.0, 0.03454, 0.973262, -0.227086, -0.0, 0.0, 0.0, 0.0, 1.0],
                [0.989846, -0.06481, -0.126508, 0.0, -0.137966, -0.2239, -0.964797, -0.0, 0.034204, 0.972455, -0.230568, -0.0, 0.0, 0.0, 0.0, 1.0],
                [0.98795, -0.06943, -0.138325, 0.0, -0.150399, -0.219702, -0.963904, -0.0, 0.036534, 0.973093, -0.227497, -0.0, 0.0, 0.0, 0.0, 1.0],
                [0.985909, -0.078018, -0.147974, 0.0, -0.161214, -0.20705, -0.964956, -0.0, 0.044646, 0.975215, -0.21671, -0.0, 0.0, 0.0, 0.0, 1.0],
                [0.984265, -0.089924, -0.152104, 0.0, -0.166687, -0.186901, -0.968134, -0.0, 0.05863, 0.978254, -0.19895, -0.0, 0.0, 0.0, 0.0, 1.0],
                [0.982855, -0.103415, -0.152647, 0.0, -0.168159, -0.163232, -0.972151, -0.0, 0.075618, 0.981153, -0.177823, -0.0, 0.0, 0.0, 0.0, 1.0],
                [0.98139, -0.115587, -0.153341, 0.0, -0.169052, -0.141305, -0.975425, -0.0, 0.091079, 0.983195, -0.158216, -0.0, 0.0, 0.0, 0.0, 1.0],
                [0.980383, -0.122947, -0.154054, 0.0, -0.169385, -0.125886, -0.977477, -0.0, 0.100784, 0.984397, -0.144241, -0.0, 0.0, 0.0, 0.0, 1.0],
                [0.980994, -0.123788, -0.149422, 0.0, -0.164338, -0.120614, -0.979002, -0.0, 0.103166, 0.984951, -0.138665, -0.0, 0.0, 0.0, 0.0, 1.0],
                [0.983659, -0.119609, -0.134566, 0.0, -0.149545, -0.126615, -0.980615, -0.0, 0.100252, 0.984714, -0.142433, -0.0, 0.0, 0.0, 0.0, 1.0],
                [0.987307, -0.114223, -0.11035, 0.0, -0.12605, -0.140859, -0.981973, -0.0, 0.09662, 0.983418, -0.153469, -0.0, 0.0, 0.0, 0.0, 1.0],
                [0.99058, -0.108304, -0.083795, 0.0, -0.100332, -0.157593, -0.982394, -0.0, 0.093192, 0.981547, -0.166975, -0.0, 0.0, 0.0, 0.0, 1.0],
                [0.993072, -0.099706, -0.062186, 0.0, -0.078788, -0.172332, -0.981883, -0.0, 0.087183, 0.97998, -0.178993, -0.0, 0.0, 0.0, 0.0, 1.0],
                [0.995021, -0.08799, -0.046809, 0.0, -0.062426, -0.184107, -0.980922, -0.0, 0.077694, 0.97896, -0.188683, -0.0, 0.0, 0.0, 0.0, 1.0],
                [0.996676, -0.074277, -0.033473, 0.0, -0.047371, -0.194077, -0.979842, -0.0, 0.066284, 0.97817, -0.196951, -0.0, 0.0, 0.0, 0.0, 1.0],
                [0.997994, -0.061165, -0.016353, 0.0, -0.028462, -0.2027, -0.978827, -0.0, 0.056555, 0.977329, -0.204035, -0.0, 0.0, 0.0, 0.0, 1.0],
                [0.998711, -0.05038, 0.006106, 0.0, -0.004529, -0.208322, -0.97805, -0.0, 0.050546, 0.976762, -0.208281, -0.0, 0.0, 0.0, 0.0, 1.0],
                [0.99865, -0.043567, 0.028285, 0.0, 0.018581, -0.208881, -0.977764, -0.0, 0.048507, 0.97697, -0.20779, -0.0, 0.0, 0.0, 0.0, 1.0],
                [0.998217, -0.041968, 0.042434, 0.0, 0.032992, -0.204471, -0.978316, -0.0, 0.049735, 0.977973, -0.202722, -0.0, 0.0, 0.0, 0.0, 1.0],
                [0.997951, -0.044807, 0.04568, 0.0, 0.035971, -0.197572, -0.979628, -0.0, 0.052919, 0.979264, -0.195556, -0.0, 0.0, 0.0, 0.0, 1.0],
                [0.997971, -0.049402, 0.040155, 0.0, 0.029965, -0.192004, -0.980937, -0.0, 0.05617, 0.98015, -0.190134, -0.0, 0.0, 0.0, 0.0, 1.0],
                [0.998145, -0.053488, 0.029083, 0.0, 0.018341, -0.191332, -0.981354, -0.0, 0.058055, 0.980067, -0.189996, -0.0, 0.0, 0.0, 0.0, 1.0],
                [0.998343, -0.055638, 0.014651, 0.0, 0.003487, -0.195668, -0.980664, -0.0, 0.057429, 0.97909, -0.19515, -0.0, 0.0, 0.0, 0.0, 1.0],
                [0.99848, -0.055087, -0.001623, 0.0, -0.012638, -0.200206, -0.979672, -0.0, 0.053642, 0.978204, -0.200598, -0.0, 0.0, 0.0, 0.0, 1.0],
                [0.998442, -0.052987, -0.017471, 0.0, -0.027708, -0.199114, -0.979585, -0.0, 0.048426, 0.978543, -0.200272, -0.0, 0.0, 0.0, 0.0, 1.0],
                [0.998233, -0.050667, -0.031044, 0.0, -0.040228, -0.191735, -0.980622, -0.0, 0.043733, 0.980138, -0.193435, -0.0, 0.0, 0.0, 0.0, 1.0],
                [0.997893, -0.049589, -0.041829, 0.0, -0.050318, -0.184627, -0.98152, -0.0, 0.04095, 0.981557, -0.186733, -0.0, 0.0, 0.0, 0.0, 1.0],
                [0.997528, -0.049145, -0.050216, 0.0, -0.058517, -0.185455, -0.980909, -0.0, 0.038894, 0.981423, -0.187873, -0.0, 0.0, 0.0, 0.0, 1.0],
                [0.997361, -0.045774, -0.056352, 0.0, -0.064231, -0.194535, -0.97879, -0.0, 0.03384, 0.979827, -0.196962, -0.0, 0.0, 0.0, 0.0, 1.0],
                [0.99755, -0.037169, -0.059266, 0.0, -0.065657, -0.205015, -0.976554, -0.0, 0.024147, 0.978053, -0.206953, -0.0, 0.0, 0.0, 0.0, 1.0],
                [0.997986, -0.026082, -0.057815, 0.0, -0.06202, -0.210411, -0.975644, -0.0, 0.013282, 0.977265, -0.211605, -0.0, 0.0, 0.0, 0.0, 1.0],
                [0.998505, -0.015728, -0.052358, 0.0, -0.054489, -0.208716, -0.976457, -0.0, 0.00443, 0.97785, -0.209261, -0.0, 0.0, 0.0, 0.0, 1.0],
                [0.999043, -0.005337, -0.04342, 0.0, -0.043606, -0.201093, -0.978601, -0.0, -0.003509, 0.979558, -0.201133, -0.0, 0.0, 0.0, 0.0, 1.0],
                [0.999483, 0.009183, -0.030818, 0.0, -0.02851, -0.190241, -0.981323, -0.0, -0.014874, 0.981695, -0.18988, -0.0, 0.0, 0.0, 0.0, 1.0],
                [0.999471, 0.029318, -0.014086, 0.0, -0.008614, -0.179029, -0.983806, -0.0, -0.031365, 0.983407, -0.178681, -0.0, 0.0, 0.0, 0.0, 1.0],
                [0.998635, 0.051838, 0.006337, 0.0, 0.014974, -0.167984, -0.985676, -0.0, -0.050031, 0.984426, -0.168531, -0.0, 0.0, 0.0, 0.0, 1.0],
                [0.996964, 0.072357, 0.028769, 0.0, 0.039699, -0.154487, -0.987197, -0.0, -0.066986, 0.985342, -0.15689, -0.0, 0.0, 0.0, 0.0, 1.0],
                [0.994806, 0.087932, 0.051283, 0.0, 0.063015, -0.136307, -0.988661, -0.0, -0.079945, 0.986757, -0.14114, -0.0, 0.0, 0.0, 0.0, 1.0],
                [0.992458, 0.098579, 0.072863, 0.0, 0.084127, -0.115401, -0.98975, -0.0, -0.089161, 0.988415, -0.122824, -0.0, 0.0, 0.0, 0.0, 1.0],
                [0.989906, 0.106878, 0.093072, 0.0, 0.10349, -0.096461, -0.989942, -0.0, -0.096825, 0.989582, -0.106548, -0.0, 0.0, 0.0, 0.0, 1.0],
                [0.986921, 0.116596, 0.111322, 0.0, 0.121298, -0.082266, -0.989201, -0.0, -0.106179, 0.989766, -0.095333, -0.0, 0.0, 0.0, 0.0, 1.0],
                [0.982732, 0.132991, 0.128655, 0.0, 0.139073, -0.072232, -0.987644, -0.0, -0.122055, 0.988482, -0.08948, -0.0, 0.0, 0.0, 0.0, 1.0],
                [0.979563, 0.144766, 0.139641, 0.0, 0.150437, -0.066471, -0.986382, -0.0, -0.133512, 0.987231, -0.086891, -0.0, 0.0, 0.0, 0.0, 1.0],
                [0.978004, 0.150084, 0.144858, 0.0, 0.156015, -0.065379, -0.985589, -0.0, -0.13845, 0.986509, -0.087357, -0.0, 0.0, 0.0, 0.0, 1.0],
                [0.977188, 0.151779, 0.148551, 0.0, 0.160359, -0.068709, -0.984664, -0.0, -0.139245, 0.986023, -0.091481, -0.0, 0.0, 0.0, 0.0, 1.0],
                [0.977318, 0.148186, 0.151296, 0.0, 0.163937, -0.077111, -0.983452, -0.0, -0.134067, 0.985949, -0.099655, -0.0, 0.0, 0.0, 0.0, 1.0],
                [0.979272, 0.135503, 0.150548, 0.0, 0.163828, -0.09282, -0.982112, -0.0, -0.119105, 0.98642, -0.113095, -0.0, 0.0, 0.0, 0.0, 1.0],
                [0.982965, 0.113454, 0.144594, 0.0, 0.157712, -0.116714, -0.980563, -0.0, -0.094373, 0.986664, -0.132619, -0.0, 0.0, 0.0, 0.0, 1.0],
                [0.985617, 0.094862, 0.139856, 0.0, 0.152609, -0.144153, -0.977717, -0.0, -0.072588, 0.984998, -0.156556, -0.0, 0.0, 0.0, 0.0, 1.0],
                [0.986988, 0.08215, 0.138224, 0.0, 0.150374, -0.167169, -0.974393, -0.0, -0.05694, 0.9825, -0.177348, -0.0, 0.0, 0.0, 0.0, 1.0],
                [0.987112, 0.077175, 0.140191, 0.0, 0.151982, -0.177799, -0.97226, -0.0, -0.050109, 0.981036, -0.187237, -0.0, 0.0, 0.0, 0.0, 1.0],
                [0.986329, 0.080583, 0.143741, 0.0, 0.15587, -0.173154, -0.972483, -0.0, -0.053476, 0.981593, -0.183347, -0.0, 0.0, 0.0, 0.0, 1.0],
                [0.985004, 0.091415, 0.146325, 0.0, 0.159365, -0.157093, -0.974641, -0.0, -0.066111, 0.983344, -0.169305, -0.0, 0.0, 0.0, 0.0, 1.0],
                [0.983004, 0.108472, 0.148114, 0.0, 0.162354, -0.13701, -0.977174, -0.0, -0.085703, 0.984613, -0.152293, -0.0, 0.0, 0.0, 0.0, 1.0],
                [0.979381, 0.132216, 0.152748, 0.0, 0.168669, -0.118996, -0.978463, -0.0, -0.111193, 0.984052, -0.138843, -0.0, 0.0, 0.0, 0.0, 1.0],
                [0.974905, 0.156223, 0.158601, 0.0, 0.176227, -0.106248, -0.978599, -0.0, -0.136029, 0.981991, -0.131113, -0.0, 0.0, 0.0, 0.0, 1.0],
                [0.972268, 0.169631, 0.160999, 0.0, 0.179451, -0.099651, -0.978707, -0.0, -0.149975, 0.980457, -0.127328, -0.0, 0.0, 0.0, 0.0, 1.0],
                [0.971745, 0.173992, 0.159491, 0.0, 0.178398, -0.098975, -0.978968, -0.0, -0.154547, 0.979761, -0.127218, -0.0, 0.0, 0.0, 0.0, 1.0],
                [0.97415, 0.168403, 0.150572, 0.0, 0.169733, -0.105791, -0.979795, -0.0, -0.149071, 0.980025, -0.13164, -0.0, 0.0, 0.0, 0.0, 1.0],
                [0.977892, 0.158284, 0.136651, 0.0, 0.156376, -0.119685, -0.980419, -0.0, -0.13883, 0.980113, -0.141791, -0.0, 0.0, 0.0, 0.0, 1.0],
                [0.980268, 0.152553, 0.125706, 0.0, 0.146804, -0.135975, -0.979775, -0.0, -0.132375, 0.978896, -0.155688, -0.0, 0.0, 0.0, 0.0, 1.0],
                [0.982443, 0.145038, 0.117347, 0.0, 0.139044, -0.149848, -0.978883, -0.0, -0.124391, 0.978013, -0.167383, -0.0, 0.0, 0.0, 0.0, 1.0],
                [0.984445, 0.135694, 0.111599, 0.0, 0.132742, -0.158349, -0.97842, -0.0, -0.115095, 0.978015, -0.173899, -0.0, 0.0, 0.0, 0.0, 1.0],
                [0.986517, 0.12409, 0.106702, 0.0, 0.126294, -0.162579, -0.978579, -0.0, -0.104084, 0.978861, -0.176059, -0.0, 0.0, 0.0, 0.0, 1.0],
                [0.988824, 0.109878, 0.10077, 0.0, 0.118153, -0.165315, -0.979138, -0.0, -0.090927, 0.980101, -0.17645, -0.0, 0.0, 0.0, 0.0, 1.0],
                [0.991409, 0.093026, 0.091946, 0.0, 0.106703, -0.168663, -0.979881, -0.0, -0.075646, 0.981274, -0.17714, -0.0, 0.0, 0.0, 0.0, 1.0],
                [0.994111, 0.073747, 0.079405, 0.0, 0.091203, -0.173618, -0.980581, -0.0, -0.058528, 0.982048, -0.179321, -0.0, 0.0, 0.0, 0.0, 1.0],
                [0.996432, 0.053649, 0.065147, 0.0, 0.073826, -0.180077, -0.980878, -0.0, -0.040892, 0.982188, -0.183395, -0.0, 0.0, 0.0, 0.0, 1.0],
                [0.997948, 0.035216, 0.053471, 0.0, 0.059137, -0.186907, -0.980596, -0.0, -0.024538, 0.981746, -0.188606, -0.0, 0.0, 0.0, 0.0, 1.0],
                [0.998638, 0.02173, 0.047431, 0.0, 0.050736, -0.19271, -0.979943, -0.0, -0.012154, 0.981015, -0.193551, -0.0, 0.0, 0.0, 0.0, 1.0],
                [0.998782, 0.014556, 0.04715, 0.0, 0.049094, -0.196877, -0.979198, -0.0, -0.00497, 0.98032, -0.197352, -0.0, 0.0, 0.0, 0.0, 1.0],
                [0.998611, 0.01227, 0.051246, 0.0, 0.052665, -0.200169, -0.978345, -0.0, -0.001747, 0.979685, -0.200537, -0.0, 0.0, 0.0, 0.0, 1.0],
                [0.998244, 0.012132, 0.057988, 0.0, 0.059244, -0.203771, -0.977224, -0.0, -3.9e-05, 0.978943, -0.204132, -0.0, 0.0, 0.0, 0.0, 1.0],
                [0.997829, 0.013242, 0.064511, 0.0, 0.065855, -0.206744, -0.976176, -0.0, 0.000411, 0.978305, -0.207167, -0.0, 0.0, 0.0, 0.0, 1.0],
                [0.997512, 0.015142, 0.068845, 0.0, 0.070487, -0.204977, -0.976225, -0.0, -0.000671, 0.97865, -0.205535, -0.0, 0.0, 0.0, 0.0, 1.0],
                [0.997315, 0.016839, 0.071273, 0.0, 0.073191, -0.19526, -0.978017, -0.0, -0.002553, 0.980607, -0.195968, -0.0, 0.0, 0.0, 0.0, 1.0],
                [0.997367, 0.018096, 0.070232, 0.0, 0.072354, -0.181695, -0.980689, -0.0, -0.004986, 0.983188, -0.182526, -0.0, 0.0, 0.0, 0.0, 1.0],
                [0.99781, 0.019298, 0.06326, 0.0, 0.065663, -0.174535, -0.982459, -0.0, -0.007918, 0.984462, -0.17542, -0.0, 0.0, 0.0, 0.0, 1.0],
                [0.998493, 0.021006, 0.050692, 0.0, 0.053642, -0.17913, -0.982362, -0.0, -0.011555, 0.983601, -0.179987, -0.0, 0.0, 0.0, 0.0, 1.0],
                [0.999033, 0.021473, 0.038357, 0.0, 0.041731, -0.189099, -0.981071, -0.0, -0.013813, 0.981723, -0.189813, -0.0, 0.0, 0.0, 0.0, 1.0],
                [0.999286, 0.020232, 0.031893, 0.0, 0.035218, -0.194056, -0.980358, -0.0, -0.013645, 0.980782, -0.19463, -0.0, 0.0, 0.0, 0.0, 1.0],
                [0.999316, 0.016173, 0.033252, 0.0, 0.035721, -0.189944, -0.981145, -0.0, -0.009552, 0.981662, -0.190392, -0.0, 0.0, 0.0, 0.0, 1.0],
                [0.999288, 0.008041, 0.036867, 0.0, 0.037714, -0.181438, -0.982679, -0.0, -0.001212, 0.983369, -0.181612, -0.0, 0.0, 0.0, 0.0, 1.0],
                [0.99942, -0.001103, 0.034026, 0.0, 0.033333, -0.171489, -0.984622, -0.0, 0.006921, 0.985185, -0.171353, -0.0, 0.0, 0.0, 0.0, 1.0],
                [0.999739, -0.006887, 0.021783, 0.0, 0.020397, -0.16037, -0.986846, -0.0, 0.010289, 0.987033, -0.160188, -0.0, 0.0, 0.0, 0.0, 1.0],
                [0.999951, -0.009032, 0.004135, 0.0, 0.002708, -0.152721, -0.988266, -0.0, 0.009557, 0.988228, -0.152689, -0.0, 0.0, 0.0, 0.0, 1.0],
                [0.999831, -0.012796, -0.013236, 0.0, -0.015007, -0.150108, -0.988556, -0.0, 0.010663, 0.988587, -0.150275, -0.0, 0.0, 0.0, 0.0, 1.0],
                [0.999363, -0.019662, -0.029798, 0.0, -0.032395, -0.148664, -0.988357, -0.0, 0.015003, 0.988692, -0.149206, -0.0, 0.0, 0.0, 0.0, 1.0],
                [0.99854, -0.028724, -0.045748, 0.0, -0.049456, -0.145485, -0.988123, -0.0, 0.021727, 0.988943, -0.146693, -0.0, 0.0, 0.0, 0.0, 1.0],
                [0.997267, -0.040575, -0.061744, 0.0, -0.066773, -0.137259, -0.988282, -0.0, 0.031624, 0.989704, -0.139593, -0.0, 0.0, 0.0, 0.0, 1.0],
                [0.995468, -0.054238, -0.078111, 0.0, -0.084235, -0.121723, -0.988983, -0.0, 0.044133, 0.991081, -0.12574, -0.0, 0.0, 0.0, 0.0, 1.0],
                [0.993174, -0.068518, -0.0944, 0.0, -0.101055, -0.101226, -0.989718, -0.0, 0.058258, 0.992501, -0.107459, -0.0, 0.0, 0.0, 0.0, 1.0]
            ]
        },
        {
            "name": "Chest",
            "time": [0.0333, 0.0667, 0.1, 0.1333, 0.1667, 0.2, 0.2333, 0.2667, 0.3, 0.3333, 0.3667, 0.4, 0.4333, 0.4667, 0.5, 0.5333, 0.5667, 0.6, 0.6333, 0.6667, 0.7, 0.7333, 0.7667, 0.8, 0.8333, 0.8667, 0.9, 0.9333, 0.9667, 1.0, 1.0333, 1.0667, 1.1, 1.1333, 1.1667, 1.2, 1.2333, 1.2667, 1.3, 1.3333, 1.3667, 1.4, 1.4333, 1.4667, 1.5, 1.5333, 1.5667, 1.6, 1.6333, 1.6667, 1.7, 1.7333, 1.7667, 1.8, 1.8333, 1.8667, 1.9, 1.9333, 1.9667, 2.0, 2.0333, 2.0667, 2.1, 2.1333, 2.1667, 2.2, 2.2333, 2.2667, 2.3, 2.3333, 2.3667, 2.4, 2.4333, 2.4667, 2.5, 2.5333, 2.5667, 2.6, 2.6333, 2.6667, 2.7, 2.7333, 2.7667, 2.8, 2.8333, 2.8667, 2.9, 2.9333, 2.9667, 3.0, 3.0333, 3.0667, 3.1, 3.1333, 3.1667, 3.2, 3.2333, 3.2667, 3.3, 3.3333, 3.3667, 3.4, 3.4333, 3.4667],
            "transform": [
                [0.974296, -0.131942, -0.182591, 0.0, 0.091035, 0.972002, -0.216621, 0.6, 0.20606, 0.194431, 0.959029, 0.0, 0.0, 0.0, 0.0, 1.0],
                [0.964341, -0.160255, -0.210631, 0.0, 0.121236, 0.974911, -0.186684, 0.6, 0.235264, 0.154491, 0.959575, -0.0, 0.0, 0.0, 0.0, 1.0],
                [0.954175, -0.185459, -0.23485, -0.0, 0.146342, 0.973743, -0.174382, 0.6, 0.261025, 0.132023, 0.956262, 0.0, 0.0, 0.0, 0.0, 1.0],
                [0.944796, -0.207423, -0.253646, -0.0, 0.163864, 0.969469, -0.182425, 0.6, 0.283741, 0.130791, 0.949939, -0.0, 0.0, 0.0, 0.0, 1.0],
                [0.937721, -0.221739, -0.267416, 0.0, 0.17062, 0.964519, -0.201474, 0.6, 0.302602, 0.1433, 0.942283, -0.0, 0.0, 0.0, 0.0, 1.0],
                [0.934511, -0.222061, -0.278169, -0.0, 0.165667, 0.96307, -0.212253, 0.6, 0.315029, 0.15227, 0.936787, -0.0, 0.0, 0.0, 0.0, 1.0],
                [0.935555, -0.210904, -0.283294, -0.0, 0.149583, 0.963245, -0.223125, 0.6, 0.31994, 0.16637, 0.932716, 0.0, 0.0, 0.0, 0.0, 1.0],
                [0.939823, -0.194498, -0.280896, -0.0, 0.124591, 0.960636, -0.248306, 0.6, 0.318134, 0.198366, 0.927061, 0.0, 0.0, 0.0, 0.0, 1.0],
                [0.945837, -0.177398, -0.271887, -0.0, 0.094556, 0.951723, -0.29203, 0.6, 0.310567, 0.250504, 0.916949, 0.0, 0.0, 0.0, 0.0, 1.0],
                [0.953729, -0.158133, -0.255723, -0.0, 0.061812, 0.935475, -0.347944, 0.6, 0.294244, 0.316038, 0.901965, 0.0, 0.0, 0.0, 0.0, 1.0],
                [0.961658, -0.142365, -0.234406, -0.0, 0.03966, 0.917917, -0.394785, 0.6, 0.271369, 0.370351, 0.888369, -0.0, 0.0, 0.0, 0.0, 1.0],
                [0.966897, -0.135452, -0.216248, 0.0, 0.031508, 0.904367, -0.42559, 0.6, 0.253214, 0.404688, 0.878698, -0.0, 0.0, 0.0, 0.0, 1.0],
                [0.968152, -0.136828, -0.209665, 0.0, 0.030673, 0.895963, -0.443069, 0.6, 0.248476, 0.422527, 0.871625, 0.0, 0.0, 0.0, 0.0, 1.0],
                [0.965785, -0.142468, -0.21671, -0.0, 0.030754, 0.892618, -0.449763, 0.6, 0.257516, 0.42771, 0.866458, -0.0, 0.0, 0.0, 0.0, 1.0],
                [0.960687, -0.153777, -0.231155, 0.0, 0.03621, 0.894881, -0.444833, 0.6, 0.275261, 0.418975, 0.86527, 0.0, 0.0, 0.0, 0.0, 1.0],
                [0.954788, -0.171025, -0.243168, -0.0, 0.053197, 0.90304, -0.426249, 0.6, 0.292489, 0.394042, 0.87131, -0.0, 0.0, 0.0, 0.0, 1.0],
                [0.949382, -0.192687, -0.248082, -0.0, 0.082472, 0.914954, -0.39504, 0.6, 0.303103, 0.354584, 0.884533, 0.0, 0.0, 0.0, 0.0, 1.0],
                [0.943809, -0.216028, -0.250114, 0.0, 0.117438, 0.926621, -0.357187, 0.6, 0.308923, 0.307743, 0.899923, -0.0, 0.0, 0.0, 0.0, 1.0],
                [0.937482, -0.236341, -0.255479, -0.0, 0.148168, 0.93525, -0.321487, 0.6, 0.314917, 0.263535, 0.911798, 0.0, 0.0, 0.0, 0.0, 1.0],
                [0.932829, -0.247504, -0.261864, 0.0, 0.166607, 0.940674, -0.295591, 0.6, 0.319489, 0.232108, 0.918723, -0.0, 0.0, 0.0, 0.0, 1.0],
                [0.93437, -0.246436, -0.257337, 0.0, 0.170461, 0.943398, -0.284504, 0.6, 0.312883, 0.221966, 0.923491, 0.0, 0.0, 0.0, 0.0, 1.0],
                [0.94365, -0.236413, -0.231591, 0.0, 0.164911, 0.94262, -0.290297, 0.6, 0.286932, 0.235746, 0.92849, 0.0, 0.0, 0.0, 0.0, 1.0],
                [0.956574, -0.223288, -0.187372, -0.0, 0.158231, 0.937626, -0.309548, 0.6, 0.244804, 0.266457, 0.93224, -0.0, 0.0, 0.0, 0.0, 1.0],
                [0.968001, -0.208745, -0.139281, 0.0, 0.152612, 0.930283, -0.333591, 0.6, 0.199206, 0.301661, 0.932372, 0.0, 0.0, 0.0, 0.0, 1.0],
                [0.976323, -0.191001, -0.101549, 0.0, 0.143762, 0.923684, -0.355163, 0.6, 0.161636, 0.332155, 0.929272, -0.0, 0.0, 0.0, 0.0, 1.0],
                [0.982479, -0.16975, -0.076946, -0.0, 0.129574, 0.918873, -0.372669, 0.6, 0.133964, 0.356169, 0.924769, 0.0, 0.0, 0.0, 0.0, 1.0],
                [0.987727, -0.145903, -0.055752, -0.0, 0.11326, 0.914846, -0.387594, 0.6, 0.107556, 0.376522, 0.920143, 0.0, 0.0, 0.0, 0.0, 1.0],
                [0.99239, -0.120495, -0.025375, 0.0, 0.100378, 0.910967, -0.40008, 0.6, 0.071324, 0.394488, 0.916129, 0.0, 0.0, 0.0, 0.0, 1.0],
                [0.995146, -0.096915, 0.017084, 0.0, 0.095457, 0.90842, -0.407015, 0.6, 0.023927, 0.40667, 0.913262, 0.0, 0.0, 0.0, 0.0, 1.0],
                [0.994877, -0.080814, 0.06074, 0.0, 0.098562, 0.909011, -0.40495, 0.6, -0.022488, 0.408862, 0.912319, -0.0, 0.0, 0.0, 0.0, 1.0],
                [0.993021, -0.075714, 0.090421, -0.0, 0.105519, 0.912825, -0.394482, 0.6, -0.05267, 0.401271, 0.914444, -0.0, 0.0, 0.0, 0.0, 1.0],
                [0.991804, -0.080389, 0.099311, 0.0, 0.112506, 0.917875, -0.380589, 0.6, -0.06056, 0.388643, 0.919396, 0.0, 0.0, 0.0, 0.0, 1.0],
                [0.991741, -0.090658, 0.090727, 0.0, 0.118112, 0.9213, -0.370482, 0.6, -0.05, 0.378138, 0.924398, 0.0, 0.0, 0.0, 0.0, 1.0],
                [0.992301, -0.101657, 0.070746, 0.0, 0.12077, 0.920838, -0.370772, 0.6, -0.027454, 0.376461, 0.926025, 0.0, 0.0, 0.0, 0.0, 1.0],
                [0.993107, -0.109038, 0.042992, -0.0, 0.117187, 0.916937, -0.381437, 0.6, 0.00217, 0.383847, 0.923394, 0.0, 0.0, 0.0, 0.0, 1.0],
                [0.993776, -0.110912, 0.010364, 0.0, 0.106049, 0.913506, -0.39276, 0.6, 0.034095, 0.391415, 0.919583, -0.0, 0.0, 0.0, 0.0, 1.0],
                [0.993801, -0.108964, -0.022036, 0.0, 0.091607, 0.914969, -0.392988, 0.6, 0.062984, 0.388534, 0.91928, 0.0, 0.0, 0.0, 0.0, 1.0],
                [0.993058, -0.106771, -0.049353, 0.0, 0.080133, 0.921244, -0.380641, 0.6, 0.086107, 0.374044, 0.923405, -0.0, 0.0, 0.0, 0.0, 1.0],
                [0.99176, -0.106819, -0.070723, 0.0, 0.073554, 0.92678, -0.368332, 0.6, 0.10489, 0.360095, 0.927001, -0.0, 0.0, 0.0, 0.0, 1.0],
                [0.990389, -0.106951, -0.087696, -0.0, 0.067213, 0.926335, -0.370656, 0.6, 0.120878, 0.361199, 0.924621, -0.0, 0.0, 0.0, 0.0, 1.0],
                [0.989861, -0.100445, -0.100433, -0.0, 0.054051, 0.920231, -0.387624, 0.6, 0.131357, 0.378265, 0.91633, 0.0, 0.0, 0.0, 0.0, 1.0],
                [0.99074, -0.084064, -0.106616, 0.0, 0.033817, 0.913302, -0.405876, 0.6, 0.131492, 0.398512, 0.907688, -0.0, 0.0, 0.0, 0.0, 1.0],
                [0.992542, -0.063065, -0.104325, 0.0, 0.014306, 0.910132, -0.414071, 0.6, 0.121062, 0.409491, 0.904246, 0.0, 0.0, 0.0, 0.0, 1.0],
                [0.994613, -0.043403, -0.094134, 0.0, 0.001061, 0.912336, -0.40944, 0.6, 0.103653, 0.407135, 0.907468, 0.0, 0.0, 0.0, 0.0, 1.0],
                [0.996729, -0.023526, -0.077318, 0.0, -0.008881, 0.919018, -0.394116, 0.6, 0.080328, 0.393513, 0.915803, 0.0, 0.0, 0.0, 0.0, 1.0],
                [0.99852, 0.003016, -0.054306, -0.0, -0.02308, 0.92761, -0.372836, 0.6, 0.04925, 0.373538, 0.926307, 0.0, 0.0, 0.0, 0.0, 1.0],
                [0.998898, 0.039784, -0.0249, -0.0, -0.046004, 0.935049, -0.351521, 0.6, 0.009298, 0.352279, 0.935849, -0.0, 0.0, 0.0, 0.0, 1.0],
                [0.996489, 0.083059, 0.010562, 0.0, -0.074846, 0.940204, -0.332286, 0.6, -0.03753, 0.330329, 0.94312, 0.0, 0.0, 0.0, 0.0, 1.0],
                [0.991012, 0.124055, 0.05005, -0.0, -0.102613, 0.945008, -0.310532, 0.6, -0.085821, 0.302605, 0.949244, -0.0, 0.0, 0.0, 0.0, 1.0],
                [0.983697, 0.155315, 0.090655, -0.0, -0.124344, 0.951598, -0.28107, 0.6, -0.129921, 0.265215, 0.955396, 0.0, 0.0, 0.0, 0.0, 1.0],
                [0.975742, 0.175954, 0.130258, 0.0, -0.140015, 0.958963, -0.246547, 0.6, -0.168294, 0.222328, 0.960337, 0.0, 0.0, 0.0, 0.0, 1.0],
                [0.967116, 0.191588, 0.167275, -0.0, -0.153672, 0.964241, -0.215925, 0.6, -0.202662, 0.183119, 0.961975, -0.0, 0.0, 0.0, 0.0, 1.0],
                [0.957481, 0.208496, 0.199396, -0.0, -0.169692, 0.965971, -0.195207, 0.6, -0.233311, 0.153071, 0.960279, 0.0, 0.0, 0.0, 0.0, 1.0],
                [0.947761, 0.227235, 0.223861, 0.0, -0.187933, 0.964844, -0.183732, 0.6, -0.257741, 0.132063, 0.957146, -0.0, 0.0, 0.0, 0.0, 1.0],
                [0.940004, 0.243133, 0.23933, -0.0, -0.203396, 0.962592, -0.179017, 0.6, -0.273902, 0.119597, 0.954293, -0.0, 0.0, 0.0, 0.0, 1.0],
                [0.935451, 0.252454, 0.247383, 0.0, -0.211494, 0.960565, -0.180513, 0.6, -0.283199, 0.116541, 0.951954, 0.0, 0.0, 0.0, 0.0, 1.0],
                [0.933744, 0.254807, 0.251387, -0.0, -0.210971, 0.959134, -0.188558, 0.6, -0.28916, 0.123029, 0.949342, -0.0, 0.0, 0.0, 0.0, 1.0],
                [0.9348, 0.2495, 0.252782, 0.0, -0.200522, 0.958173, -0.204194, 0.6, -0.293156, 0.140192, 0.94573, 0.0, 0.0, 0.0, 0.0, 1.0],
                [0.93968, 0.233845, 0.249634, 0.0, -0.17698, 0.956916, -0.230195, 0.6, -0.292709, 0.172129, 0.940581, 0.0, 0.0, 0.0, 0.0, 1.0],
                [0.948162, 0.207769, 0.240459, -0.0, -0.140863, 0.953053, -0.268045, 0.6, -0.284862, 0.220278, 0.932915, -0.0, 0.0, 0.0, 0.0, 1.0],
                [0.957124, 0.177824, 0.228674, 0.0, -0.100832, 0.944557, -0.312481, 0.6, -0.271563, 0.276025, 0.921989, 0.0, 0.0, 0.0, 0.0, 1.0],
                [0.962903, 0.154531, 0.221217, 0.0, -0.069343, 0.93396, -0.350585, 0.6, -0.260784, 0.32224, 0.910029, 0.0, 0.0, 0.0, 0.0, 1.0],
                [0.964187, 0.145775, 0.221569, -0.0, -0.05556, 0.927886, -0.3687, 0.6, -0.259339, 0.343186, 0.902755, -0.0, 0.0, 0.0, 0.0, 1.0],
                [0.961951, 0.153003, 0.226363, 0.0, -0.062792, 0.930121, -0.361846, 0.6, -0.265908, 0.333864, 0.904338, -0.0, 0.0, 0.0, 0.0, 1.0],
                [0.957309, 0.174001, 0.230831, 0.0, -0.08919, 0.937376, -0.336706, 0.6, -0.274962, 0.301744, 0.912878, 0.0, 0.0, 0.0, 0.0, 1.0],
                [0.950165, 0.205391, 0.234522, 0.0, -0.128305, 0.943261, -0.306263, 0.6, -0.284119, 0.26091, 0.922606, 0.0, 0.0, 0.0, 0.0, 1.0],
                [0.940447, 0.241366, 0.239376, -0.0, -0.170626, 0.944207, -0.28171, 0.6, -0.294016, 0.22409, 0.92916, -0.0, 0.0, 0.0, 0.0, 1.0],
                [0.929564, 0.27435, 0.246258, -0.0, -0.206955, 0.941131, -0.267285, 0.6, -0.305091, 0.197494, 0.93162, -0.0, 0.0, 0.0, 0.0, 1.0],
                [0.920453, 0.297805, 0.253137, 0.0, -0.231324, 0.937118, -0.261342, 0.6, -0.315048, 0.181996, 0.931462, -0.0, 0.0, 0.0, 0.0, 1.0],
                [0.916458, 0.308892, 0.254343, -0.0, -0.242069, 0.934143, -0.262257, 0.6, -0.318602, 0.178779, 0.930876, 0.0, 0.0, 0.0, 0.0, 1.0],
                [0.918854, 0.309362, 0.244954, -0.0, -0.241144, 0.931597, -0.271987, 0.6, -0.312341, 0.190847, 0.930602, 0.0, 0.0, 0.0, 0.0, 1.0],
                [0.925647, 0.302695, 0.227055, -0.0, -0.231838, 0.927924, -0.291903, 0.6, -0.299047, 0.217559, 0.929106, -0.0, 0.0, 0.0, 0.0, 1.0],
                [0.933489, 0.291428, 0.208967, -0.0, -0.217264, 0.923215, -0.316972, 0.6, -0.285295, 0.250489, 0.925128, -0.0, 0.0, 0.0, 0.0, 1.0],
                [0.940171, 0.277559, 0.197583, -0.0, -0.200426, 0.919541, -0.338045, 0.6, -0.275513, 0.278219, 0.920156, -0.0, 0.0, 0.0, 0.0, 1.0],
                [0.945599, 0.261888, 0.193022, -0.0, -0.183109, 0.918828, -0.34961, 0.6, -0.268913, 0.295247, 0.916796, -0.0, 0.0, 0.0, 0.0, 1.0],
                [0.951073, 0.243146, 0.19063, 0.0, -0.164694, 0.920998, -0.353042, 0.6, -0.26141, 0.304374, 0.915981, 0.0, 0.0, 0.0, 0.0, 1.0],
                [0.957924, 0.219233, 0.185254, 0.0, -0.143356, 0.924606, -0.35292, 0.6, -0.248658, 0.311513, 0.917131, 0.0, 0.0, 0.0, 0.0, 1.0],
                [0.96672, 0.188665, 0.172793, 0.0, -0.118047, 0.928155, -0.352977, 0.6, -0.226973, 0.320833, 0.919538, 0.0, 0.0, 0.0, 0.0, 1.0],
                [0.976676, 0.15198, 0.151679, -0.0, -0.089528, 0.930311, -0.355678, 0.6, -0.195165, 0.333803, 0.922218, -0.0, 0.0, 0.0, 0.0, 1.0],
                [0.985597, 0.113111, 0.125712, -0.0, -0.060553, 0.930144, -0.362167, 0.6, -0.157895, 0.349338, 0.923597, -0.0, 0.0, 0.0, 0.0, 1.0],
                [0.991589, 0.078585, 0.102836, 0.0, -0.035029, 0.927858, -0.371284, 0.6, -0.124595, 0.364559, 0.922807, -0.0, 0.0, 0.0, 0.0, 1.0],
                [0.994529, 0.05402, 0.089404, -0.0, -0.016047, 0.924746, -0.380245, 0.6, -0.103217, 0.376731, 0.920554, 0.0, 0.0, 0.0, 0.0, 1.0],
                [0.995336, 0.041036, 0.087302, 0.0, -0.00405, 0.921986, -0.387201, 0.6, -0.09638, 0.385042, 0.917853, 0.0, 0.0, 0.0, 0.0, 1.0],
                [0.994773, 0.037395, 0.095017, -0.0, 0.002976, 0.919516, -0.393042, 0.6, -0.102067, 0.391271, 0.914598, 0.0, 0.0, 0.0, 0.0, 1.0],
                [0.993329, 0.03943, 0.108365, 0.0, 0.007221, 0.916611, -0.399715, 0.6, -0.115089, 0.397831, 0.910212, 0.0, 0.0, 0.0, 0.0, 1.0],
                [0.991566, 0.044077, 0.121876, -0.0, 0.009192, 0.914106, -0.405371, 0.6, -0.129275, 0.403072, 0.905992, 0.0, 0.0, 0.0, 0.0, 1.0],
                [0.990035, 0.049082, 0.131992, -0.0, 0.008256, 0.915452, -0.402342, 0.6, -0.14058, 0.399422, 0.905924, -0.0, 0.0, 0.0, 0.0, 1.0],
                [0.989093, 0.052455, 0.137637, -0.0, 0.004552, 0.923106, -0.384518, 0.6, -0.147223, 0.380951, 0.912799, -0.0, 0.0, 0.0, 0.0, 1.0],
                [0.989337, 0.053193, 0.135581, 0.0, -0.000943, 0.933238, -0.359258, 0.6, -0.145639, 0.355299, 0.923337, 0.0, 0.0, 0.0, 0.0, 1.0],
                [0.991286, 0.052558, 0.120789, -0.0, -0.007604, 0.938258, -0.345853, 0.6, -0.131508, 0.341921, 0.930481, 0.0, 0.0, 0.0, 0.0, 1.0],
                [0.994091, 0.051723, 0.095434, 0.0, -0.01461, 0.934932, -0.354526, 0.6, -0.107561, 0.351037, 0.930163, 0.0, 0.0, 0.0, 0.0, 1.0],
                [0.99627, 0.049785, 0.070478, 0.0, -0.019958, 0.927573, -0.373109, 0.6, -0.083948, 0.370311, 0.925107, -0.0, 0.0, 0.0, 0.0, 1.0],
                [0.997296, 0.045393, 0.057789, -0.0, -0.019911, 0.923903, -0.382109, 0.6, -0.070736, 0.379925, 0.922309, 0.0, 0.0, 0.0, 0.0, 1.0],
                [0.997458, 0.03692, 0.060939, 0.0, -0.011478, 0.927367, -0.373978, 0.6, -0.07032, 0.372328, 0.925433, 0.0, 0.0, 0.0, 0.0, 1.0],
                [0.997422, 0.021365, 0.068503, 0.0, 0.004517, 0.934058, -0.357093, 0.6, -0.071615, 0.356482, 0.931554, 0.0, 0.0, 0.0, 0.0, 1.0],
                [0.99804, 0.003645, 0.062467, 0.0, 0.01768, 0.941198, -0.337394, 0.6, -0.060023, 0.337837, 0.939289, -0.0, 0.0, 0.0, 0.0, 1.0],
                [0.999303, -0.007642, 0.036546, 0.0, 0.018815, 0.948524, -0.316146, 0.6, -0.032249, 0.316613, 0.948006, 0.0, 0.0, 0.0, 0.0, 1.0],
                [0.999936, -0.011317, -0.000422, 0.0, 0.010662, 0.953308, -0.301813, 0.6, 0.003818, 0.301789, 0.953367, 0.0, 0.0, 0.0, 0.0, 1.0],
                [0.999222, -0.017197, -0.03548, -0.0, 0.005888, 0.954859, -0.297001, 0.6, 0.038985, 0.296561, 0.954218, -0.0, 0.0, 0.0, 0.0, 1.0],
                [0.997285, -0.029982, -0.067262, 0.0, 0.008849, 0.955538, -0.294737, 0.6, 0.073108, 0.293341, 0.953208, -0.0, 0.0, 0.0, 0.0, 1.0],
                [0.994148, -0.048579, -0.096486, -0.0, 0.018622, 0.956879, -0.28989, 0.6, 0.106408, 0.286396, 0.952184, -0.0, 0.0, 0.0, 0.0, 1.0],
                [0.989431, -0.07351, -0.124991, -0.0, 0.036406, 0.960301, -0.27658, 0.6, 0.14036, 0.269106, 0.952828, 0.0, 0.0, 0.0, 0.0, 1.0],
                [0.982829, -0.102225, -0.153611, 0.0, 0.061308, 0.966128, -0.250676, 0.6, 0.174033, 0.236955, 0.955806, 0.0, 0.0, 0.0, 0.0, 1.0],
                [0.974296, -0.131942, -0.18259, -0.0, 0.091035, 0.972002, -0.216621, 0.6, 0.20606, 0.19443, 0.959029, 0.0, 0.0, 0.0, 0.0, 1.0]
            ]
        },
        {
            "name": "Head",
            "time": [0.0333, 0.0667, 0.1, 0.1333, 0.1667, 0.2, 0.2333, 0.2667, 0.3, 0.3333, 0.3667, 0.4, 0.4333, 0.4667, 0.5, 0.5333, 0.5667, 0.6, 0.6333, 0.6667, 0.7, 0.7333, 0.7667, 0.8, 0.8333, 0.8667, 0.9, 0.9333, 0.9667, 1.0, 1.0333, 1.0667, 1.1, 1.1333, 1.1667, 1.2, 1.2333, 1.2667, 1.3, 1.3333, 1.3667, 1.4, 1.4333, 1.4667, 1.5, 1.5333, 1.5667, 1.6, 1.6333, 1.6667, 1.7, 1.7333, 1.7667, 1.8, 1.8333, 1.8667, 1.9, 1.9333, 1.9667, 2.0, 2.0333, 2.0667, 2.1, 2.1333, 2.1667, 2.2, 2.2333, 2.2667, 2.3, 2.3333, 2.3667, 2.4, 2.4333, 2.4667, 2.5, 2.5333, 2.5667, 2.6, 2.6333, 2.6667, 2.7, 2.7333, 2.7667, 2.8, 2.8333, 2.8667, 2.9, 2.9333, 2.9667, 3.0, 3.0333, 3.0667, 3.1, 3.1333, 3.1667, 3.2, 3.2333, 3.2667, 3.3, 3.3333, 3.3667, 3.4, 3.4333, 3.4667],
            "transform": [
                [0.999638, 0.018938, 0.019089, -0.0, -0.021798, 0.986394, 0.162947, 0.6, -0.015744, -0.163304, 0.98645, -0.0, 0.0, 0.0, 0.0, 1.0],
                [0.999683, 0.01435, 0.020695, -0.0, -0.017334, 0.988216, 0.152084, 0.6, -0.018269, -0.152394, 0.988151, 0.0, 0.0, 0.0, 0.0, 1.0],
                [0.999668, 0.011381, 0.023104, 0.0, -0.014592, 0.989481, 0.143926, 0.6, -0.021223, -0.144216, 0.989319, 0.0, 0.0, 0.0, 0.0, 1.0],
                [0.999604, 0.010378, 0.026141, -0.0, -0.01393, 0.990112, 0.139584, 0.6, -0.024434, -0.139893, 0.989865, 0.0, 0.0, 0.0, 0.0, 1.0],
                [0.999543, 0.010989, 0.028159, -0.0, -0.014784, 0.990275, 0.138335, 0.6, -0.026365, -0.138688, 0.989985, 0.0, 0.0, 0.0, 0.0, 1.0],
                [0.999542, 0.01188, 0.027839, -0.0, -0.015612, 0.990317, 0.137945, 0.6, -0.025931, -0.138316, 0.990048, 0.0, 0.0, 0.0, 0.0, 1.0],
                [0.999589, 0.012603, 0.025742, 0.0, -0.016034, 0.990336, 0.137761, 0.6, -0.023757, -0.138118, 0.990131, -0.0, 0.0, 0.0, 0.0, 1.0],
                [0.999665, 0.012846, 0.02249, 0.0, -0.015817, 0.990394, 0.137369, 0.6, -0.020509, -0.137679, 0.990264, 0.0, 0.0, 0.0, 0.0, 1.0],
                [0.999739, 0.012705, 0.019007, 0.0, -0.015194, 0.990439, 0.137114, 0.6, -0.017083, -0.137367, 0.990373, 0.0, 0.0, 0.0, 0.0, 1.0],
                [0.999791, 0.012404, 0.016252, 0.0, -0.014528, 0.990345, 0.137862, 0.6, -0.014385, -0.138069, 0.990318, 0.0, 0.0, 0.0, 0.0, 1.0],
                [0.999819, 0.011812, 0.014892, 0.0, -0.013789, 0.989978, 0.140548, 0.6, -0.013082, -0.140728, 0.989962, -0.0, 0.0, 0.0, 0.0, 1.0],
                [0.999835, 0.010154, 0.015059, 0.0, -0.012242, 0.989246, 0.145747, 0.6, -0.013417, -0.145908, 0.989207, -0.0, 0.0, 0.0, 0.0, 1.0],
                [0.999847, 0.006274, 0.016338, 0.0, -0.008706, 0.988128, 0.153388, 0.6, -0.015182, -0.153507, 0.988031, -0.0, 0.0, 0.0, 0.0, 1.0],
                [0.999837, -0.000591, 0.01804, 0.0, -0.002351, 0.986691, 0.162588, 0.6, -0.017896, -0.162603, 0.986529, 0.0, 0.0, 0.0, 0.0, 1.0],
                [0.999758, -0.009936, 0.019614, 0.0, 0.006423, 0.985134, 0.171664, 0.6, -0.021028, -0.171497, 0.98496, -0.0, 0.0, 0.0, 0.0, 1.0],
                [0.999587, -0.019705, 0.020941, 0.0, 0.015656, 0.983825, 0.178445, 0.6, -0.024119, -0.178043, 0.983727, -0.0, 0.0, 0.0, 0.0, 1.0],
                [0.999387, -0.026981, 0.022299, 0.0, 0.022507, 0.983231, 0.180972, 0.6, -0.026808, -0.180359, 0.983235, -0.0, 0.0, 0.0, 0.0, 1.0],
                [0.999278, -0.029463, 0.023973, 0.0, 0.02472, 0.983633, 0.178477, 0.6, -0.028839, -0.177756, 0.983652, 0.0, 0.0, 0.0, 0.0, 1.0],
                [0.999305, -0.02691, 0.025783, 0.0, 0.022078, 0.984825, 0.172141, 0.6, -0.030024, -0.171452, 0.984735, 0.0, 0.0, 0.0, 0.0, 1.0],
                [0.999404, -0.021631, 0.026894, 0.0, 0.016901, 0.986134, 0.165089, 0.6, -0.030093, -0.164536, 0.985912, 0.0, 0.0, 0.0, 0.0, 1.0],
                [0.999505, -0.017599, 0.026075, 0.0, 0.013167, 0.986811, 0.161339, 0.6, -0.028571, -0.160915, 0.986555, -0.0, 0.0, 0.0, 0.0, 1.0],
                [0.999578, -0.018591, 0.022309, -0.0, 0.014684, 0.986344, 0.164041, 0.6, -0.025054, -0.163644, 0.986201, 0.0, 0.0, 0.0, 0.0, 1.0],
                [0.999534, -0.02636, 0.015362, -0.0, 0.023289, 0.984481, 0.173937, 0.6, -0.019709, -0.173498, 0.984637, -0.0, 0.0, 0.0, 0.0, 1.0],
                [0.99919, -0.039799, 0.005954, -0.0, 0.03796, 0.981263, 0.188897, 0.6, -0.01336, -0.188518, 0.981979, 0.0, 0.0, 0.0, 0.0, 1.0],
                [0.99845, -0.055474, -0.004552, 0.0, 0.055229, 0.977234, 0.204848, 0.6, -0.006915, -0.204782, 0.978783, -0.0, 0.0, 0.0, 0.0, 1.0],
                [0.997495, -0.069177, -0.014746, 0.0, 0.070728, 0.973488, 0.217528, 0.6, -0.000693, -0.218027, 0.975943, -0.0, 0.0, 0.0, 0.0, 1.0],
                [0.996693, -0.077722, -0.02372, 0.0, 0.081067, 0.971192, 0.224087, 0.6, 0.00562, -0.225269, 0.97428, -0.0, 0.0, 0.0, 0.0, 1.0],
                [0.996292, -0.080142, -0.031292, 0.0, 0.085129, 0.970912, 0.223793, 0.6, 0.012447, -0.225627, 0.974134, -0.0, 0.0, 0.0, 0.0, 1.0],
                [0.996246, -0.077865, -0.037836, 0.0, 0.084267, 0.972364, 0.217732, 0.6, 0.019836, -0.220103, 0.975275, -0.0, 0.0, 0.0, 0.0, 1.0],
                [0.996305, -0.073851, -0.043847, 0.0, 0.081404, 0.974751, 0.207926, 0.6, 0.027385, -0.210727, 0.977162, -0.0, 0.0, 0.0, 0.0, 1.0],
                [0.996245, -0.071057, -0.04947, 0.0, 0.07946, 0.977287, 0.196461, 0.6, 0.034386, -0.199654, 0.979263, -0.0, 0.0, 0.0, 0.0, 1.0],
                [0.996013, -0.070853, -0.054197, 0.0, 0.079745, 0.979497, 0.185002, 0.6, 0.039978, -0.188586, 0.981243, 0.0, 0.0, 0.0, 0.0, 1.0],
                [0.995773, -0.072105, -0.056896, 0.0, 0.081038, 0.981279, 0.174711, 0.6, 0.043234, -0.178583, 0.982974, 0.0, 0.0, 0.0, 0.0, 1.0],
                [0.995863, -0.071427, -0.056176, 0.0, 0.079877, 0.982819, 0.166392, 0.6, 0.043326, -0.170191, 0.984458, -0.0, 0.0, 0.0, 0.0, 1.0],
                [0.996606, -0.064636, -0.050976, 0.0, 0.072057, 0.98439, 0.160574, 0.6, 0.039802, -0.163702, 0.985707, -0.0, 0.0, 0.0, 0.0, 1.0],
                [0.997957, -0.048869, -0.041159, -0.0, 0.054779, 0.986002, 0.157478, 0.6, 0.032887, -0.159411, 0.986664, -0.0, 0.0, 0.0, 0.0, 1.0],
                [0.999316, -0.024364, -0.027821, 0.0, 0.028438, 0.987196, 0.156954, 0.6, 0.023641, -0.157638, 0.987214, -0.0, 0.0, 0.0, 0.0, 1.0],
                [0.999901, 0.00506, -0.01314, 0.0, -0.002914, 0.987358, 0.15848, 0.6, 0.013776, -0.158426, 0.987275, -0.0, 0.0, 0.0, 0.0, 1.0],
                [0.999445, 0.03331, 0.000256, 0.0, -0.032915, 0.986357, 0.161296, 0.6, 0.00512, -0.161215, 0.986906, -0.0, 0.0, 0.0, 0.0, 1.0],
                [0.998459, 0.054565, 0.010156, -0.0, -0.055493, 0.984794, 0.164626, 0.6, -0.001018, -0.164936, 0.986304, 0.0, 0.0, 0.0, 0.0, 1.0],
                [0.997721, 0.065678, 0.015469, -0.0, -0.067345, 0.983502, 0.167897, 0.6, -0.004186, -0.168556, 0.985683, -0.0, 0.0, 0.0, 0.0, 1.0],
                [0.997611, 0.067104, 0.01644, -0.0, -0.068929, 0.982878, 0.170876, 0.6, -0.004692, -0.171601, 0.985155, -0.0, 0.0, 0.0, 0.0, 1.0],
                [0.997972, 0.06203, 0.014286, -0.0, -0.06357, 0.982756, 0.173638, 0.6, -0.003269, -0.174194, 0.984706, -0.0, 0.0, 0.0, 0.0, 1.0],
                [0.998464, 0.054409, 0.010487, 0.0, -0.055405, 0.982777, 0.176293, 0.6, -0.000714, -0.176603, 0.984282, 0.0, 0.0, 0.0, 0.0, 1.0],
