{
    "animation": [
        {
            "name": "Root",
            "time": [0.0, 0.0167, 0.0333, 0.05, 0.0667, 0.0833, 0.1, 0.1167, 0.1333, 0.15, 0.1667, 0.1833, 0.2, 0.2167, 0.2333, 0.25, 0.2667, 0.2833, 0.3, 0.3167, 0.3333, 0.35, 0.3667, 0.3833, 0.4, 0.4167, 0.4333, 0.6667],
            "transform": [
                [0.344356, 0.0, 0.938839, -5e-06, 0.938839, 0.0, -0.344356, 0.000946, 0.0, 1.0, 0.0, 0.714865, 0.0, 0.0, 0.0, 1.0],
                [0.344356, 0.0, 0.938839, -5e-06, 0.938839, 0.0, -0.344356, 0.000946, 0.0, 1.0, 0.0, 0.714865, 0.0, 0.0, 0.0, 1.0],
                [0.344356, 0.0, 0.938839, -5e-06, 0.938839, 0.0, -0.344356, 0.000946, 0.0, 1.0, 0.0, 0.714865, 0.0, 0.0, 0.0, 1.0],
                [0.344356, 0.0, 0.938839, -5e-06, 0.938839, 0.0, -0.344356, 0.000946, 0.0, 1.0, 0.0, 0.714865, 0.0, 0.0, 0.0, 1.0],
                [0.344356, 0.0, 0.938839, -5e-06, 0.938839, 0.0, -0.344356, 0.000946, 0.0, 1.0, 0.0, 0.714865, 0.0, 0.0, 0.0, 1.0],
                [0.331721, 0.0, 0.943377, -5e-06, 0.943377, 0.0, -0.331721, 0.000946, 0.0, 1.0, 0.0, 0.716976, 0.0, 0.0, 0.0, 1.0],
                [0.293465, 0.0, 0.95597, -5e-06, 0.95597, 0.0, -0.293465, 0.000946, 0.0, 1.0, 0.0, 0.723307, 0.0, 0.0, 0.0, 1.0],
                [0.231067, 0.0, 0.972938, -5e-06, 0.972938, 0.0, -0.231067, 0.000946, 0.0, 1.0, 0.0, 0.733472, 0.0, 0.0, 0.0, 1.0],
                [0.150328, 0.0, 0.988636, -5e-06, 0.988636, 0.0, -0.150328, 0.000946, 0.0, 1.0, 0.0, 0.746404, 0.0, 0.0, 0.0, 1.0],
                [0.062095, 0.0, 0.99807, -5e-06, 0.99807, 0.0, -0.062095, 0.000946, 0.0, 1.0, 0.0, 0.760356, 0.0, 0.0, 0.0, 1.0],
                [-0.020138, 0.0, 0.999797, -5e-06, 0.999797, 0.0, 0.020138, 0.000946, 0.0, 1.0, 0.0, 0.773288, 0.0, 0.0, 0.0, 1.0],
                [-0.084712, 0.0, 0.996405, -5e-06, 0.996405, 0.0, 0.084712, 0.000946, 0.0, 1.0, 0.0, 0.783454, 0.0, 0.0, 0.0, 1.0],
                [-0.124766, 0.0, 0.992186, -5e-06, 0.992186, 0.0, 0.124766, 0.000946, 0.0, 1.0, 0.0, 0.789785, 0.0, 0.0, 0.0, 1.0],
                [-0.138074, 0.0, 0.990422, -5e-06, 0.990422, 0.0, 0.138074, 0.000946, 0.0, 1.0, 0.0, 0.791895, 0.0, 0.0, 0.0, 1.0],
                [-0.138074, 0.0, 0.990422, -5e-06, 0.990422, 0.0, 0.138074, 0.024357, 0.0, 1.0, 0.0, 0.780061, 0.0, 0.0, 0.0, 1.0],
                [-0.138074, 0.0, 0.990422, -5e-06, 0.990422, 0.0, 0.138074, 0.06753, 0.0, 1.0, 0.0, 0.758238, 0.0, 0.0, 0.0, 1.0],
                [-0.138074, 0.0, 0.990422, -5e-06, 0.990422, 0.0, 0.138074, 0.116996, 0.0, 1.0, 0.0, 0.733234, 0.0, 0.0, 0.0, 1.0],
                [-0.138074, 0.0, 0.990422, -5e-06, 0.990422, 0.0, 0.138074, 0.168306, 0.0, 1.0, 0.0, 0.707298, 0.0, 0.0, 0.0, 1.0],
                [-0.138074, 0.0, 0.990422, -5e-06, 0.990422, 0.0, 0.138074, 0.219197, 0.0, 1.0, 0.0, 0.681574, 0.0, 0.0, 0.0, 1.0],
                [-0.138074, 0.0, 0.990422, -5e-06, 0.990422, 0.0, 0.138074, 0.26821, 0.0, 1.0, 0.0, 0.656799, 0.0, 0.0, 0.0, 1.0],
                [-0.138074, 0.0, 0.990422, -5e-06, 0.990422, 0.0, 0.138074, 0.31423, 0.0, 1.0, 0.0, 0.633536, 0.0, 0.0, 0.0, 1.0],
                [-0.138074, 0.0, 0.990422, -5e-06, 0.990422, 0.0, 0.138074, 0.356281, 0.0, 1.0, 0.0, 0.612281, 0.0, 0.0, 0.0, 1.0],
                [-0.138074, 0.0, 0.990422, -5e-06, 0.990422, 0.0, 0.138074, 0.39341, 0.0, 1.0, 0.0, 0.593513, 0.0, 0.0, 0.0, 1.0],
                [-0.138074, 0.0, 0.990422, -5e-06, 0.990422, 0.0, 0.138074, 0.424615, 0.0, 1.0, 0.0, 0.577739, 0.0, 0.0, 0.0, 1.0],
                [-0.138074, 0.0, 0.990422, -5e-06, 0.990422, 0.0, 0.138074, 0.448763, 0.0, 1.0, 0.0, 0.565533, 0.0, 0.0, 0.0, 1.0],
                [-0.138074, 0.0, 0.990422, -5e-06, 0.990422, 0.0, 0.138074, 0.464514, 0.0, 1.0, 0.0, 0.557571, 0.0, 0.0, 0.0, 1.0],
                [-0.138074, 0.0, 0.990422, -5e-06, 0.990422, 0.0, 0.138074, 0.470207, 0.0, 1.0, 0.0, 0.554693, 0.0, 0.0, 0.0, 1.0],
                [-0.138074, 0.0, 0.990422, -5e-06, 0.990422, 0.0, 0.138074, 0.470207, 0.0, 1.0, 0.0, 0.554693, 0.0, 0.0, 0.0, 1.0]
            ]
        },
        {
            "name": "Thigh_R",
            "time": [0.0, 0.0167, 0.0333, 0.05, 0.0667, 0.0833, 0.1, 0.1167, 0.1333, 0.15, 0.1667, 0.1833, 0.2, 0.2167, 0.2333, 0.25, 0.2667, 0.2833, 0.3, 0.3167, 0.3333, 0.35, 0.3667, 0.3833, 0.4, 0.4167, 0.4333, 0.6667],
            "transform": [
                [0.559657, 0.450989, 0.695232, 0.139893, 0.12557, -0.875417, 0.466763, -0.002831, 0.819156, -0.173926, -0.546544, 0.04061, 0.0, 0.0, 0.0, 1.0],
                [0.559657, 0.450989, 0.695232, 0.139893, 0.12557, -0.875417, 0.466763, -0.002831, 0.819156, -0.173926, -0.546544, 0.04061, 0.0, 0.0, 0.0, 1.0],
                [0.559657, 0.450989, 0.695232, 0.139893, 0.12557, -0.875417, 0.466763, -0.002831, 0.819156, -0.173926, -0.546544, 0.04061, 0.0, 0.0, 0.0, 1.0],
                [0.559657, 0.450989, 0.695232, 0.139893, 0.12557, -0.875417, 0.466763, -0.002831, 0.819156, -0.173926, -0.546544, 0.04061, 0.0, 0.0, 0.0, 1.0],
                [0.559657, 0.450989, 0.695232, 0.139893, 0.12557, -0.875417, 0.466763, -0.002831, 0.819156, -0.173926, -0.546544, 0.04061, 0.0, 0.0, 0.0, 1.0],
                [0.550022, 0.490795, 0.675686, 0.139893, 0.129681, -0.849474, 0.511436, -0.002831, 0.825021, -0.193676, -0.530856, 0.04061, 0.0, 0.0, 0.0, 1.0],
                [0.521264, 0.581202, 0.624855, 0.139893, 0.142946, -0.781354, 0.607487, -0.002831, 0.841339, -0.227337, -0.490353, 0.04061, 0.0, 0.0, 0.0, 1.0],
                [0.476049, 0.686031, 0.550177, 0.139893, 0.167672, -0.684977, 0.708996, -0.002831, 0.863286, -0.245264, -0.441096, 0.04061, 0.0, 0.0, 0.0, 1.0],
                [0.421881, 0.783542, 0.456108, 0.139893, 0.206725, -0.572981, 0.793056, -0.002831, 0.882769, -0.24028, -0.403696, 0.04061, 0.0, 0.0, 0.0, 1.0],
                [0.370837, 0.859021, 0.352875, 0.139893, 0.261301, -0.461157, 0.847958, -0.002831, 0.89118, -0.22224, -0.395468, 0.04061, 0.0, 0.0, 0.0, 1.0],
                [0.334175, 0.906821, 0.256833, 0.139893, 0.326936, -0.367134, 0.870805, -0.002831, 0.883991, -0.207024, -0.419152, 0.04061, 0.0, 0.0, 0.0, 1.0],
                [0.314499, 0.931363, 0.18334, 0.139893, 0.390805, -0.303074, 0.869134, -0.002831, 0.865078, -0.201681, -0.459293, 0.04061, 0.0, 0.0, 0.0, 1.0],
                [0.304557, 0.942148, 0.13987, 0.139893, 0.435886, -0.268449, 0.85902, -0.002831, 0.846905, -0.200642, -0.492422, 0.04061, 0.0, 0.0, 0.0, 1.0],
                [0.295907, 0.946723, 0.126951, 0.139893, 0.450181, -0.255456, 0.855603, -0.002831, 0.842483, -0.196017, -0.501783, 0.04061, 0.0, 0.0, 0.0, 1.0],
                [0.289449, 0.946937, 0.139609, 0.139893, 0.445801, -0.262453, 0.855778, -0.002831, 0.847042, -0.185455, -0.498108, 0.04061, 0.0, 0.0, 0.0, 1.0],
                [0.285443, 0.944584, 0.161999, 0.139893, 0.440227, -0.279392, 0.853298, -0.002831, 0.851306, -0.172239, -0.495577, 0.04061, 0.0, 0.0, 0.0, 1.0],
                [0.282752, 0.940566, 0.18801, 0.139893, 0.434717, -0.300404, 0.848973, -0.002831, 0.855028, -0.158306, -0.493814, 0.04061, 0.0, 0.0, 0.0, 1.0],
                [0.281089, 0.935203, 0.215278, 0.139893, 0.429672, -0.323247, 0.843131, -0.002831, 0.858121, -0.144484, -0.492686, 0.04061, 0.0, 0.0, 0.0, 1.0],
                [0.280306, 0.92862, 0.24301, 0.139893, 0.425242, -0.347115, 0.835858, -0.002831, 0.86058, -0.130946, -0.49218, 0.04061, 0.0, 0.0, 0.0, 1.0],
                [0.280287, 0.921125, 0.27005, 0.139893, 0.421471, -0.370877, 0.827521, -0.002831, 0.86244, -0.118113, -0.492172, 0.04061, 0.0, 0.0, 0.0, 1.0],
                [0.280916, 0.912908, 0.296048, 0.139893, 0.418354, -0.394126, 0.818305, -0.002831, 0.863751, -0.10601, -0.492628, 0.04061, 0.0, 0.0, 0.0, 1.0],
                [0.282064, 0.904402, 0.320087, 0.139893, 0.415863, -0.415945, 0.808719, -0.002831, 0.86458, -0.094986, -0.493422, 0.04061, 0.0, 0.0, 0.0, 1.0],
                [0.283572, 0.896009, 0.341633, 0.139893, 0.413952, -0.435758, 0.79921, -0.002831, 0.865003, -0.085202, -0.494465, 0.04061, 0.0, 0.0, 0.0, 1.0],
                [0.28525, 0.888217, 0.360087, 0.139893, 0.412567, -0.452924, 0.790334, -0.002831, 0.865113, -0.07687, -0.495637, 0.04061, 0.0, 0.0, 0.0, 1.0],
                [0.286857, 0.881742, 0.374436, 0.139893, 0.411649, -0.46642, 0.782928, -0.002831, 0.865019, -0.07044, -0.496755, 0.04061, 0.0, 0.0, 0.0, 1.0],
                [0.288096, 0.877277, 0.383853, 0.139893, 0.411137, -0.475368, 0.777799, -0.002831, 0.864851, -0.066253, -0.497623, 0.04061, 0.0, 0.0, 0.0, 1.0],
                [0.288603, 0.875611, 0.387263, 0.139893, 0.410976, -0.478636, 0.775877, -0.002831, 0.864758, -0.064753, -0.497981, 0.04061, 0.0, 0.0, 0.0, 1.0],
                [0.288603, 0.875611, 0.387263, 0.139893, 0.410976, -0.478636, 0.775877, -0.002831, 0.864758, -0.064753, -0.497981, 0.04061, 0.0, 0.0, 0.0, 1.0]
            ]
        },
        {
            "name": "Leg_R",
            "time": [0.0, 0.0167, 0.0333, 0.05, 0.0667, 0.0833, 0.1, 0.1167, 0.1333, 0.15, 0.1667, 0.1833, 0.2, 0.2167, 0.2333, 0.25, 0.2667, 0.2833, 0.3, 0.3167, 0.3333, 0.35, 0.3667, 0.3833, 0.4, 0.4167, 0.4333, 0.6667],
            "transform": [
                [0.999999, -0.0006, -0.000251, 0.0, 0.00065, 0.900857, 0.434101, 0.375166, -3.4e-05, -0.434123, 0.900863, 0.0, 0.0, 0.0, 0.0, 1.0],
                [0.999999, -0.0006, -0.000251, 0.0, 0.00065, 0.900857, 0.434101, 0.375166, -3.4e-05, -0.434123, 0.900863, 0.0, 0.0, 0.0, 0.0, 1.0],
                [0.999999, -0.0006, -0.000251, 0.0, 0.00065, 0.900857, 0.434101, 0.375166, -3.4e-05, -0.434123, 0.900863, 0.0, 0.0, 0.0, 0.0, 1.0],
                [0.999999, -0.0006, -0.000251, 0.0, 0.00065, 0.900857, 0.434101, 0.375166, -3.4e-05, -0.434123, 0.900863, 0.0, 0.0, 0.0, 0.0, 1.0],
                [0.999999, -0.0006, -0.000251, 0.0, 0.00065, 0.900857, 0.434101, 0.375166, -3.4e-05, -0.434123, 0.900863, 0.0, 0.0, 0.0, 0.0, 1.0],
                [0.999999, -0.000722, -0.000318, 0.0, 0.000782, 0.852044, 0.523453, 0.375166, -0.000107, -0.523481, 0.852052, 0.0, 0.0, 0.0, 0.0, 1.0],
                [0.999999, -0.000965, -0.000511, 0.0, 0.001045, 0.709817, 0.704367, 0.375166, -0.000316, -0.704402, 0.709829, 0.0, 0.0, 0.0, 0.0, 1.0],
                [0.999999, -0.001175, -0.000797, 0.0, 0.001275, 0.495093, 0.868822, 0.375166, -0.000627, -0.868859, 0.495106, 0.0, 0.0, 0.0, 0.0, 1.0],
                [0.999999, -0.001289, -0.001117, 0.0, 0.0014, 0.246267, 0.969186, 0.375166, -0.000974, -0.969221, 0.246278, -0.0, 0.0, 0.0, 0.0, 1.0],
                [0.999998, -0.001302, -0.001406, 0.0, 0.001416, 0.00823, 0.999951, 0.375166, -0.001291, -0.999982, 0.008239, 0.0, 0.0, 0.0, 0.0, 1.0],
                [0.999998, -0.001248, -0.001618, 0.0, 0.001361, -0.184249, 0.982864, 0.375166, -0.001525, -0.982892, -0.18424, -0.0, 0.0, 0.0, 0.0, 1.0],
                [0.999998, -0.001171, -0.001739, -0.0, 0.00128, -0.316311, 0.948642, 0.375166, -0.001661, -0.948665, -0.316301, 0.0, 0.0, 0.0, 0.0, 1.0],
                [0.999998, -0.001102, -0.001779, -0.0, 0.001208, -0.390114, 0.920753, 0.375166, -0.001709, -0.920775, -0.390103, 0.0, 0.0, 0.0, 0.0, 1.0],
                [0.999998, -0.001055, -0.001752, 0.0, 0.00116, -0.413306, 0.91058, 0.375166, -0.001685, -0.9106, -0.413295, -0.0, 0.0, 0.0, 0.0, 1.0],
                [0.999998, -0.001032, -0.001672, -0.0, 0.001138, -0.3893, 0.921098, 0.375166, -0.001602, -0.92112, -0.389289, -0.0, 0.0, 0.0, 0.0, 1.0],
                [0.999998, -0.001018, -0.001572, -0.0, 0.001126, -0.343586, 0.939107, 0.375166, -0.001496, -0.939131, -0.343576, 0.0, 0.0, 0.0, 0.0, 1.0],
                [0.999998, -0.001005, -0.001468, 0.0, 0.001115, -0.28899, 0.957318, 0.375166, -0.001386, -0.957344, -0.288979, -0.0, 0.0, 0.0, 0.0, 1.0],
                [0.999999, -0.00099, -0.001368, 0.0, 0.001103, -0.230237, 0.973119, 0.375166, -0.001279, -0.973148, -0.230227, -0.0, 0.0, 0.0, 0.0, 1.0],
                [0.999999, -0.000975, -0.001272, -0.0, 0.001089, -0.169346, 0.985541, 0.375166, -0.001176, -0.985571, -0.169336, -0.0, 0.0, 0.0, 0.0, 1.0],
                [0.999999, -0.000958, -0.001184, -0.0, 0.001073, -0.108734, 0.994055, 0.375166, -0.001081, -0.994087, -0.108724, 0.0, 0.0, 0.0, 0.0, 1.0],
                [0.999999, -0.000941, -0.001105, -0.0, 0.001057, -0.049613, 0.998752, 0.375166, -0.000995, -0.998786, -0.049602, -0.0, 0.0, 0.0, 0.0, 1.0],
                [0.999999, -0.000924, -0.001035, -0.0, 0.00104, 0.005899, 0.999966, 0.375166, -0.000918, -1.000001, 0.005911, -0.0, 0.0, 0.0, 0.0, 1.0],
                [0.999999, -0.000908, -0.000975, 0.0, 0.001024, 0.056229, 0.998401, 0.375166, -0.000852, -0.998437, 0.056241, -0.0, 0.0, 0.0, 0.0, 1.0],
                [0.999999, -0.000894, -0.000925, 0.0, 0.00101, 0.099687, 0.995002, 0.375166, -0.000797, -0.995038, 0.099699, -0.0, 0.0, 0.0, 0.0, 1.0],
                [0.999999, -0.000882, -0.000888, -0.0, 0.000998, 0.133794, 0.990992, 0.375166, -0.000756, -0.991029, 0.133806, 0.0, 0.0, 0.0, 0.0, 1.0],
                [0.999999, -0.000875, -0.000864, 0.0, 0.00099, 0.156322, 0.987689, 0.375166, -0.000729, -0.987726, 0.156335, 0.0, 0.0, 0.0, 0.0, 1.0],
                [0.999999, -0.000872, -0.000855, -0.0, 0.000987, 0.16452, 0.986356, 0.375166, -0.00072, -0.986394, 0.164532, -0.0, 0.0, 0.0, 0.0, 1.0],
                [0.999999, -0.000872, -0.000855, -0.0, 0.000987, 0.16452, 0.986356, 0.375166, -0.00072, -0.986394, 0.164532, -0.0, 0.0, 0.0, 0.0, 1.0]
            ]
        },
        {
            "name": "Knee_R",
            "time": [0.0, 0.0167, 0.0333, 0.05, 0.0667, 0.0833, 0.1, 0.1167, 0.1333, 0.15, 0.1667, 0.1833, 0.2, 0.2167, 0.2333, 0.25, 0.2667, 0.2833, 0.3, 0.3167, 0.3333, 0.35, 0.3667, 0.3833, 0.4, 0.4167, 0.4333, 0.6667],
            "transform": [
                [1.0, -5.7e-05, 5.4e-05, 0.0, 5.7e-05, 0.048757, -0.998811, 0.375166, 5.4e-05, 0.998811, 0.048757, 0.0, 0.0, 0.0, 0.0, 1.0],
                [1.0, -5.7e-05, 5.4e-05, 0.0, 5.7e-05, 0.048757, -0.998811, 0.375166, 5.4e-05, 0.998811, 0.048757, 0.0, 0.0, 0.0, 0.0, 1.0],
                [1.0, -5.7e-05, 5.4e-05, 0.0, 5.7e-05, 0.048757, -0.998811, 0.375166, 5.4e-05, 0.998811, 0.048757, 0.0, 0.0, 0.0, 0.0, 1.0],
                [1.0, -5.7e-05, 5.4e-05, 0.0, 5.7e-05, 0.048757, -0.998811, 0.375166, 5.4e-05, 0.998811, 0.048757, 0.0, 0.0, 0.0, 0.0, 1.0],
                [1.0, -5.7e-05, 5.4e-05, 0.0, 5.7e-05, 0.048757, -0.998811, 0.375166, 5.4e-05, 0.998811, 0.048757, 0.0, 0.0, 0.0, 0.0, 1.0],
                [1.0, -5.7e-05, 5.4e-05, 0.0, 5.7e-05, 0.048757, -0.998811, 0.375166, 5.4e-05, 0.998811, 0.048757, 0.0, 0.0, 0.0, 0.0, 1.0],
                [1.0, -5.7e-05, 5.4e-05, 0.0, 5.7e-05, 0.048757, -0.998811, 0.375166, 5.4e-05, 0.998811, 0.048757, 0.0, 0.0, 0.0, 0.0, 1.0],
                [1.0, -5.7e-05, 5.4e-05, 0.0, 5.7e-05, 0.048757, -0.998811, 0.375166, 5.4e-05, 0.998811, 0.048757, 0.0, 0.0, 0.0, 0.0, 1.0],
                [1.0, -5.7e-05, 5.4e-05, 0.0, 5.7e-05, 0.048757, -0.998811, 0.375166, 5.4e-05, 0.998811, 0.048757, -0.0, 0.0, 0.0, 0.0, 1.0],
                [1.0, -5.7e-05, 5.4e-05, 0.0, 5.7e-05, 0.048757, -0.998811, 0.375166, 5.4e-05, 0.998811, 0.048757, 0.0, 0.0, 0.0, 0.0, 1.0],
                [1.0, -5.7e-05, 5.4e-05, 0.0, 5.7e-05, 0.048757, -0.998811, 0.375166, 5.4e-05, 0.998811, 0.048757, -0.0, 0.0, 0.0, 0.0, 1.0],
                [1.0, -5.7e-05, 5.4e-05, -0.0, 5.7e-05, 0.048757, -0.998811, 0.375166, 5.4e-05, 0.998811, 0.048757, 0.0, 0.0, 0.0, 0.0, 1.0],
                [1.0, -5.7e-05, 5.4e-05, -0.0, 5.7e-05, 0.048757, -0.998811, 0.375166, 5.4e-05, 0.998811, 0.048757, 0.0, 0.0, 0.0, 0.0, 1.0],
                [1.0, -5.7e-05, 5.4e-05, 0.0, 5.7e-05, 0.048757, -0.998811, 0.375166, 5.4e-05, 0.998811, 0.048757, -0.0, 0.0, 0.0, 0.0, 1.0],
                [1.0, -5.7e-05, 5.4e-05, -0.0, 5.7e-05, 0.048757, -0.998811, 0.375166, 5.4e-05, 0.998811, 0.048757, -0.0, 0.0, 0.0, 0.0, 1.0],
                [1.0, -5.7e-05, 5.4e-05, -0.0, 5.7e-05, 0.048757, -0.998811, 0.375166, 5.4e-05, 0.998811, 0.048757, 0.0, 0.0, 0.0, 0.0, 1.0],
                [1.0, -5.7e-05, 5.4e-05, 0.0, 5.7e-05, 0.048757, -0.998811, 0.375166, 5.4e-05, 0.998811, 0.048757, -0.0, 0.0, 0.0, 0.0, 1.0],
                [1.0, -5.7e-05, 5.4e-05, 0.0, 5.7e-05, 0.048757, -0.998811, 0.375166, 5.4e-05, 0.998811, 0.048757, -0.0, 0.0, 0.0, 0.0, 1.0],
                [1.0, -5.7e-05, 5.4e-05, -0.0, 5.7e-05, 0.048757, -0.998811, 0.375166, 5.4e-05, 0.998811, 0.048757, -0.0, 0.0, 0.0, 0.0, 1.0],
                [1.0, -5.7e-05, 5.4e-05, -0.0, 5.7e-05, 0.048757, -0.998811, 0.375166, 5.4e-05, 0.998811, 0.048757, 0.0, 0.0, 0.0, 0.0, 1.0],
                [1.0, -5.7e-05, 5.4e-05, -0.0, 5.7e-05, 0.048757, -0.998811, 0.375166, 5.4e-05, 0.998811, 0.048757, -0.0, 0.0, 0.0, 0.0, 1.0],
                [1.0, -5.7e-05, 5.4e-05, -0.0, 5.7e-05, 0.048757, -0.998811, 0.375166, 5.4e-05, 0.998811, 0.048757, -0.0, 0.0, 0.0, 0.0, 1.0],
                [1.0, -5.7e-05, 5.4e-05, 0.0, 5.7e-05, 0.048757, -0.998811, 0.375166, 5.4e-05, 0.998811, 0.048757, -0.0, 0.0, 0.0, 0.0, 1.0],
                [1.0, -5.7e-05, 5.4e-05, 0.0, 5.7e-05, 0.048757, -0.998811, 0.375166, 5.4e-05, 0.998811, 0.048757, -0.0, 0.0, 0.0, 0.0, 1.0],
                [1.0, -5.7e-05, 5.4e-05, -0.0, 5.7e-05, 0.048757, -0.998811, 0.375166, 5.4e-05, 0.998811, 0.048757, 0.0, 0.0, 0.0, 0.0, 1.0],
                [1.0, -5.7e-05, 5.4e-05, 0.0, 5.7e-05, 0.048757, -0.998811, 0.375166, 5.4e-05, 0.998811, 0.048757, 0.0, 0.0, 0.0, 0.0, 1.0],
                [1.0, -5.7e-05, 5.4e-05, -0.0, 5.7e-05, 0.048757, -0.998811, 0.375166, 5.4e-05, 0.998811, 0.048757, -0.0, 0.0, 0.0, 0.0, 1.0],
                [1.0, -5.7e-05, 5.4e-05, -0.0, 5.7e-05, 0.048757, -0.998811, 0.375166, 5.4e-05, 0.998811, 0.048757, -0.0, 0.0, 0.0, 0.0, 1.0]
            ]
        },
        {
            "name": "Thigh_L",
            "time": [0.0, 0.0167, 0.0333, 0.05, 0.0667, 0.0833, 0.1, 0.1167, 0.1333, 0.15, 0.1667, 0.1833, 0.2, 0.2167, 0.2333, 0.25, 0.2667, 0.2833, 0.3, 0.3167, 0.3333, 0.35, 0.3667, 0.3833, 0.4, 0.4167, 0.4333, 0.6667],
            "transform": [
                [0.988362, -0.131731, -0.076069, -0.176635, -0.071825, -0.844958, 0.529978, -0.002831, -0.134095, -0.518347, -0.844542, -0.051786, 0.0, 0.0, 0.0, 1.0],
                [0.988362, -0.131731, -0.076069, -0.176635, -0.071825, -0.844958, 0.529978, -0.002831, -0.134095, -0.518347, -0.844542, -0.051786, 0.0, 0.0, 0.0, 1.0],
                [0.988362, -0.131731, -0.076069, -0.176635, -0.071825, -0.844958, 0.529978, -0.002831, -0.134095, -0.518347, -0.844542, -0.051786, 0.0, 0.0, 0.0, 1.0],
                [0.988362, -0.131731, -0.076069, -0.176635, -0.071825, -0.844958, 0.529978, -0.002831, -0.134095, -0.518347, -0.844542, -0.051786, 0.0, 0.0, 0.0, 1.0],
                [0.988362, -0.131731, -0.076069, -0.176635, -0.071825, -0.844958, 0.529978, -0.002831, -0.134095, -0.518347, -0.844542, -0.051786, 0.0, 0.0, 0.0, 1.0],
                [0.990312, -0.122603, -0.06519, -0.176635, -0.070148, -0.846898, 0.527098, -0.002831, -0.119839, -0.51742, -0.84725, -0.051785, 0.0, 0.0, 0.0, 1.0],
                [0.994859, -0.09602, -0.032163, -0.176635, -0.065604, -0.8531, 0.517596, -0.002831, -0.077141, -0.512828, -0.85497, -0.051785, 0.0, 0.0, 0.0, 1.0],
                [0.99817, -0.05628, 0.022094, -0.176635, -0.059788, -0.864372, 0.499275, -0.002831, -0.009001, -0.499687, -0.866111, -0.051786, 0.0, 0.0, 0.0, 1.0],
                [0.995559, -0.012315, 0.093327, -0.176635, -0.054884, -0.881416, 0.46913, -0.002831, 0.076487, -0.472176, -0.878133, -0.051785, 0.0, 0.0, 0.0, 1.0],
                [0.984626, 0.023966, 0.173014, -0.176635, -0.052576, -0.903944, 0.424395, -0.002831, 0.166574, -0.426976, -0.888743, -0.051785, 0.0, 0.0, 0.0, 1.0],
                [0.967426, 0.042276, 0.249586, -0.176635, -0.05323, -0.929944, 0.363815, -0.002831, 0.247494, -0.365261, -0.897359, -0.051785, 0.0, 0.0, 0.0, 1.0],
                [0.949418, 0.038219, 0.311665, -0.176635, -0.056066, -0.955985, 0.287994, -0.002831, 0.308969, -0.290914, -0.905445, -0.051786, 0.0, 0.0, 0.0, 1.0],
                [0.936298, 0.013209, 0.350942, -0.176635, -0.06003, -0.978568, 0.196961, -0.002831, 0.346039, -0.205496, -0.915398, -0.051786, 0.0, 0.0, 0.0, 1.0],
                [0.931571, -0.017639, 0.363115, -0.176635, -0.063458, -0.991377, 0.11462, -0.002831, 0.357979, -0.129835, -0.924619, -0.051786, 0.0, 0.0, 0.0, 1.0],
                [0.936057, 0.012459, 0.351612, -0.176635, -0.08718, -0.959997, 0.266077, -0.002831, 0.340878, -0.279732, -0.897485, -0.051786, 0.0, 0.0, 0.0, 1.0],
                [0.941711, -0.011698, 0.336202, -0.176635, -0.140401, -0.921869, 0.361158, -0.002831, 0.305725, -0.387324, -0.869736, -0.051786, 0.0, 0.0, 0.0, 1.0],
                [0.943095, -0.064567, 0.326181, -0.176635, -0.206212, -0.883121, 0.421382, -0.002831, 0.260863, -0.464679, -0.846139, -0.051786, 0.0, 0.0, 0.0, 1.0],
                [0.937581, -0.133284, 0.321199, -0.176635, -0.277418, -0.843639, 0.459675, -0.002831, 0.209719, -0.520102, -0.827913, -0.051786, 0.0, 0.0, 0.0, 1.0],
                [0.924212, -0.209739, 0.319113, -0.176635, -0.348912, -0.803445, 0.482415, -0.002831, 0.155216, -0.55721, -0.815692, -0.051786, 0.0, 0.0, 0.0, 1.0],
                [0.903529, -0.287809, 0.317481, -0.176635, -0.416627, -0.763366, 0.49364, -0.002831, 0.100286, -0.578303, -0.80959, -0.051786, 0.0, 0.0, 0.0, 1.0],
                [0.877299, -0.362828, 0.314158, -0.176635, -0.47757, -0.724971, 0.496316, -0.002831, 0.047682, -0.585465, -0.809249, -0.051786, 0.0, 0.0, 0.0, 1.0],
                [0.848053, -0.431444, 0.30766, -0.176635, -0.529911, -0.690148, 0.492824, -0.002831, -0.000294, -0.58099, -0.813866, -0.051786, 0.0, 0.0, 0.0, 1.0],
                [0.818585, -0.491374, 0.297431, -0.176635, -0.572854, -0.660615, 0.485192, -0.002831, -0.041924, -0.567571, -0.822212, -0.051786, 0.0, 0.0, 0.0, 1.0],
                [0.791588, -0.540998, 0.284086, -0.176635, -0.606309, -0.637553, 0.475289, -0.002831, -0.076013, -0.548494, -0.832649, -0.051786, 0.0, 0.0, 0.0, 1.0],
                [0.769519, -0.578895, 0.269661, -0.176635, -0.630479, -0.621421, 0.465099, -0.002831, -0.101673, -0.527935, -0.843134, -0.051786, 0.0, 0.0, 0.0, 1.0],
                [0.754643, -0.603396, 0.257725, -0.176635, -0.645432, -0.612004, 0.457004, -0.002831, -0.118029, -0.511237, -0.851254, -0.051786, 0.0, 0.0, 0.0, 1.0],
                [0.749181, -0.612216, 0.252814, -0.176635, -0.650681, -0.608865, 0.453742, -0.002831, -0.123863, -0.504454, -0.854465, -0.051786, 0.0, 0.0, 0.0, 1.0],
                [0.749181, -0.612216, 0.252814, -0.176635, -0.650681, -0.608865, 0.453742, -0.002831, -0.123863, -0.504454, -0.854465, -0.051786, 0.0, 0.0, 0.0, 1.0]
            ]
        },
        {
            "name": "Leg_L",
            "time": [0.0, 0.0167, 0.0333, 0.05, 0.0667, 0.0833, 0.1, 0.1167, 0.1333, 0.15, 0.1667, 0.1833, 0.2, 0.2167, 0.2333, 0.25, 0.2667, 0.2833, 0.3, 0.3167, 0.3333, 0.35, 0.3667, 0.3833, 0.4, 0.4167, 0.4333, 0.6667],
            "transform": [
                [0.999107, -0.037382, -0.019675, -0.0, 0.03253, 0.383661, 0.922878, 0.375166, -0.02695, -0.922719, 0.384558, -0.0, 0.0, 0.0, 0.0, 1.0],
                [0.999107, -0.037382, -0.019675, -0.0, 0.03253, 0.383661, 0.922878, 0.375166, -0.02695, -0.922719, 0.384558, -0.0, 0.0, 0.0, 0.0, 1.0],
                [0.999107, -0.037382, -0.019675, -0.0, 0.03253, 0.383661, 0.922878, 0.375166, -0.02695, -0.922719, 0.384558, -0.0, 0.0, 0.0, 0.0, 1.0],
                [0.999107, -0.037382, -0.019675, -0.0, 0.03253, 0.383661, 0.922878, 0.375166, -0.02695, -0.922719, 0.384558, -0.0, 0.0, 0.0, 0.0, 1.0],
                [0.999107, -0.037382, -0.019675, -0.0, 0.03253, 0.383661, 0.922878, 0.375166, -0.02695, -0.922719, 0.384558, -0.0, 0.0, 0.0, 0.0, 1.0],
                [0.999129, -0.0371, -0.019074, -0.0, 0.032282, 0.397971, 0.916807, 0.375166, -0.026422, -0.916648, 0.398846, -0.0, 0.0, 0.0, 0.0, 1.0],
                [0.999197, -0.036174, -0.017243, 0.0, 0.031467, 0.441803, 0.896539, 0.375166, -0.024813, -0.896382, 0.442606, 0.0, 0.0, 0.0, 0.0, 1.0],
                [0.999307, -0.034402, -0.01421, -0.0, 0.029912, 0.515003, 0.856649, 0.375166, -0.022152, -0.856494, 0.515688, 0.0, 0.0, 0.0, 0.0, 1.0],
                [0.999451, -0.031515, -0.010192, 0.0, 0.027386, 0.613177, 0.789461, 0.375166, -0.01863, -0.789311, 0.613708, 0.0, 0.0, 0.0, 0.0, 1.0],
                [0.999611, -0.027281, -0.005657, -0.0, 0.023692, 0.725473, 0.687843, 0.375166, -0.014661, -0.687702, 0.725834, 0.0, 0.0, 0.0, 0.0, 1.0],
                [0.999765, -0.021652, -0.001272, -0.0, 0.018792, 0.835477, 0.549221, 0.375166, -0.010829, -0.549094, 0.835677, 0.0, 0.0, 0.0, 0.0, 1.0],
                [0.999887, -0.014811, 0.002295, -0.0, 0.012849, 0.925937, 0.377498, 0.375166, -0.007716, -0.377396, 0.92601, -0.0, 0.0, 0.0, 0.0, 1.0],
                [0.999965, -0.00696, 0.004568, 0.0, 0.006036, 0.984041, 0.177926, 0.375166, -0.005733, -0.177861, 0.984037, 0.0, 0.0, 0.0, 0.0, 1.0],
                [0.999986, -0.000204, 0.00519, 0.0, 0.000176, 1.000001, 0.005218, 0.375166, -0.005191, -0.005191, 0.999978, 0.0, 0.0, 0.0, 0.0, 1.0],
                [0.999918, -0.012425, 0.003163, 0.0, 0.010775, 0.948065, 0.317943, 0.375166, -0.006948, -0.317852, 0.948107, 0.0, 0.0, 0.0, 0.0, 1.0],
                [0.999799, -0.020047, -0.000343, 0.0, 0.017384, 0.858261, 0.512939, 0.375166, -0.009988, -0.512819, 0.858425, 0.0, 0.0, 0.0, 0.0, 1.0],
                [0.99969, -0.024647, -0.003562, -0.0, 0.021374, 0.775788, 0.630638, 0.375166, -0.012779, -0.630505, 0.776067, 0.0, 0.0, 0.0, 0.0, 1.0],
                [0.999607, -0.027376, -0.006002, -0.0, 0.023741, 0.713288, 0.700468, 0.375166, -0.014894, -0.700329, 0.713654, 0.0, 0.0, 0.0, 0.0, 1.0],
                [0.999556, -0.028838, -0.007517, -0.0, 0.025008, 0.674478, 0.737866, 0.375166, -0.016208, -0.737724, 0.674899, 0.0, 0.0, 0.0, 0.0, 1.0],
                [0.999535, -0.029381, -0.008124, -0.0, 0.02548, 0.658924, 0.751772, 0.375166, -0.016735, -0.751629, 0.659367, -0.0, 0.0, 0.0, 0.0, 1.0],
                [0.999542, -0.029213, -0.007933, 0.0, 0.025334, 0.663811, 0.747465, 0.375166, -0.016569, -0.747322, 0.664247, 0.0, 0.0, 0.0, 0.0, 1.0],
                [0.999569, -0.028465, -0.007115, 0.0, 0.024685, 0.684783, 0.728326, 0.375166, -0.015859, -0.728184, 0.685189, -0.0, 0.0, 0.0, 0.0, 1.0],
                [0.999611, -0.027252, -0.00588, -0.0, 0.023633, 0.716403, 0.697287, 0.375166, -0.014789, -0.697147, 0.716764, -0.0, 0.0, 0.0, 0.0, 1.0],
                [0.999659, -0.025726, -0.004472, -0.0, 0.022309, 0.75248, 0.658241, 0.375166, -0.013568, -0.658105, 0.752791, -0.0, 0.0, 0.0, 0.0, 1.0],
                [0.999704, -0.02413, -0.00315, -0.0, 0.020926, 0.786357, 0.617427, 0.375166, -0.012421, -0.617295, 0.78662, -0.0, 0.0, 0.0, 0.0, 1.0],
                [0.999737, -0.022838, -0.002178, 0.0, 0.019806, 0.811255, 0.58437, 0.375166, -0.011579, -0.584241, 0.811484, 0.0, 0.0, 0.0, 0.0, 1.0],
                [0.999749, -0.022312, -0.001805, 0.0, 0.019349, 0.820798, 0.570905, 0.375166, -0.011256, -0.570778, 0.821014, 0.0, 0.0, 0.0, 0.0, 1.0],
                [0.999749, -0.022312, -0.001805, 0.0, 0.019349, 0.820798, 0.570905, 0.375166, -0.011256, -0.570778, 0.821014, 0.0, 0.0, 0.0, 0.0, 1.0]
            ]
        },
        {
            "name": "Knee_L",
            "time": [0.0, 0.0167, 0.0333, 0.05, 0.0667, 0.0833, 0.1, 0.1167, 0.1333, 0.15, 0.1667, 0.1833, 0.2, 0.2167, 0.2333, 0.25, 0.2667, 0.2833, 0.3, 0.3167, 0.3333, 0.35, 0.3667, 0.3833, 0.4, 0.4167, 0.4333, 0.6667],
            "transform": [
                [1.0, 0.0, -0.0, -0.0, -0.0, 0.048757, -0.99881, 0.375166, -0.0, 0.998811, 0.048757, -0.0, 0.0, 0.0, 0.0, 1.0],
                [1.0, 0.0, -0.0, -0.0, -0.0, 0.048757, -0.99881, 0.375166, -0.0, 0.998811, 0.048757, -0.0, 0.0, 0.0, 0.0, 1.0],
                [1.0, 0.0, -0.0, -0.0, -0.0, 0.048757, -0.99881, 0.375166, -0.0, 0.998811, 0.048757, -0.0, 0.0, 0.0, 0.0, 1.0],
                [1.0, 0.0, -0.0, -0.0, -0.0, 0.048757, -0.99881, 0.375166, -0.0, 0.998811, 0.048757, -0.0, 0.0, 0.0, 0.0, 1.0],
                [1.0, 0.0, -0.0, -0.0, -0.0, 0.048757, -0.99881, 0.375166, -0.0, 0.998811, 0.048757, -0.0, 0.0, 0.0, 0.0, 1.0],
                [1.0, 0.0, -0.0, -0.0, -0.0, 0.048757, -0.998811, 0.375166, -0.0, 0.998811, 0.048757, -0.0, 0.0, 0.0, 0.0, 1.0],
                [1.0, 0.0, -0.0, 0.0, -0.0, 0.048757, -0.998811, 0.375166, -0.0, 0.998811, 0.048757, 0.0, 0.0, 0.0, 0.0, 1.0],
                [1.0, 0.0, -0.0, -0.0, -0.0, 0.048757, -0.998811, 0.375166, -0.0, 0.998811, 0.048757, 0.0, 0.0, 0.0, 0.0, 1.0],
                [1.0, 0.0, -0.0, 0.0, -0.0, 0.048757, -0.998811, 0.375166, -0.0, 0.998811, 0.048757, 0.0, 0.0, 0.0, 0.0, 1.0],
                [1.0, 0.0, -0.0, -0.0, -0.0, 0.048757, -0.998811, 0.375166, -0.0, 0.998811, 0.048757, 0.0, 0.0, 0.0, 0.0, 1.0],
                [1.0, 0.0, -0.0, -0.0, -0.0, 0.048757, -0.998811, 0.375166, -0.0, 0.998811, 0.048757, 0.0, 0.0, 0.0, 0.0, 1.0],
                [1.0, 0.0, -0.0, -0.0, -0.0, 0.048757, -0.998811, 0.375166, -0.0, 0.998811, 0.048757, -0.0, 0.0, 0.0, 0.0, 1.0],
                [1.0, 0.0, -0.0, 0.0, -0.0, 0.048757, -0.998811, 0.375166, -0.0, 0.998811, 0.048757, 0.0, 0.0, 0.0, 0.0, 1.0],
                [1.0, 0.0, -0.0, 0.0, -0.0, 0.048757, -0.998811, 0.375166, -0.0, 0.998811, 0.048757, 0.0, 0.0, 0.0, 0.0, 1.0],
                [1.0, 0.0, -0.0, 0.0, -0.0, 0.048757, -0.998811, 0.375166, -0.0, 0.998811, 0.048757, 0.0, 0.0, 0.0, 0.0, 1.0],
                [1.0, 0.0, -0.0, 0.0, -0.0, 0.048757, -0.998811, 0.375166, -0.0, 0.998811, 0.048757, 0.0, 0.0, 0.0, 0.0, 1.0],
                [1.0, 0.0, -0.0, -0.0, -0.0, 0.048757, -0.998811, 0.375166, -0.0, 0.998811, 0.048757, 0.0, 0.0, 0.0, 0.0, 1.0],
                [1.0, 0.0, -0.0, -0.0, -0.0, 0.048757, -0.998811, 0.375166, -0.0, 0.998811, 0.048757, 0.0, 0.0, 0.0, 0.0, 1.0],
                [1.0, 0.0, -0.0, -0.0, -0.0, 0.048757, -0.998811, 0.375166, -0.0, 0.998811, 0.048757, 0.0, 0.0, 0.0, 0.0, 1.0],
                [1.0, 0.0, -0.0, -0.0, -0.0, 0.048757, -0.998811, 0.375166, -0.0, 0.998811, 0.048757, -0.0, 0.0, 0.0, 0.0, 1.0],
                [1.0, 0.0, -0.0, 0.0, -0.0, 0.048757, -0.998811, 0.375166, -0.0, 0.998811, 0.048757, 0.0, 0.0, 0.0, 0.0, 1.0],
                [1.0, 0.0, -0.0, 0.0, -0.0, 0.048757, -0.998811, 0.375166, -0.0, 0.998811, 0.048757, -0.0, 0.0, 0.0, 0.0, 1.0],
                [1.0, 0.0, -0.0, -0.0, -0.0, 0.048757, -0.998811, 0.375166, -0.0, 0.998811, 0.048757, -0.0, 0.0, 0.0, 0.0, 1.0],
                [1.0, 0.0, -0.0, -0.0, -0.0, 0.048757, -0.998811, 0.375166, -0.0, 0.998811, 0.048757, -0.0, 0.0, 0.0, 0.0, 1.0],
                [1.0, 0.0, -0.0, -0.0, -0.0, 0.048757, -0.998811, 0.375166, -0.0, 0.998811, 0.048757, -0.0, 0.0, 0.0, 0.0, 1.0],
                [1.0, 0.0, -0.0, 0.0, -0.0, 0.048757, -0.998811, 0.375166, -0.0, 0.998811, 0.048757, 0.0, 0.0, 0.0, 0.0, 1.0],
                [1.0, 0.0, -0.0, 0.0, -0.0, 0.048757, -0.998811, 0.375166, -0.0, 0.998811, 0.048757, 0.0, 0.0, 0.0, 0.0, 1.0],
                [1.0, 0.0, -0.0, 0.0, -0.0, 0.048757, -0.998811, 0.375166, -0.0, 0.998811, 0.048757, 0.0, 0.0, 0.0, 0.0, 1.0]
            ]
        },
        {
            "name": "Torso",
            "time": [0.0, 0.0167, 0.0333, 0.05, 0.0667, 0.0833, 0.1, 0.1167, 0.1333, 0.15, 0.1667, 0.1833, 0.2, 0.2167, 0.2333, 0.25, 0.2667, 0.2833, 0.3, 0.3167, 0.3333, 0.35, 0.3667, 0.3833, 0.4, 0.4167, 0.4333, 0.6667],
            "transform": [
                [1.0, 0.0, 0.0, 0.0, 0.0, 0.99826, -0.058959, 0.05, -0.0, 0.058959, 0.99826, 0.0, 0.0, 0.0, 0.0, 1.0],
                [1.0, 0.0, 0.0, 0.0, 0.0, 0.99826, -0.058959, 0.05, -0.0, 0.058959, 0.99826, 0.0, 0.0, 0.0, 0.0, 1.0],
                [1.0, 0.0, 0.0, 0.0, 0.0, 0.99826, -0.058959, 0.05, -0.0, 0.058959, 0.99826, 0.0, 0.0, 0.0, 0.0, 1.0],
                [1.0, 0.0, 0.0, 0.0, 0.0, 0.99826, -0.058959, 0.05, -0.0, 0.058959, 0.99826, 0.0, 0.0, 0.0, 0.0, 1.0],
                [1.0, 0.0, 0.0, 0.0, 0.0, 0.99826, -0.058959, 0.05, -0.0, 0.058959, 0.99826, 0.0, 0.0, 0.0, 0.0, 1.0],
                [1.0, 0.0, 0.0, -0.0, 0.0, 0.99826, -0.058959, 0.05, -0.0, 0.058959, 0.99826, 0.0, 0.0, 0.0, 0.0, 1.0],
                [1.0, 0.0, 0.0, -0.0, 0.0, 0.99826, -0.058959, 0.05, -0.0, 0.058959, 0.99826, -0.0, 0.0, 0.0, 0.0, 1.0],
                [1.0, 0.0, 0.0, -0.0, 0.0, 0.99826, -0.058959, 0.05, -0.0, 0.058959, 0.99826, -0.0, 0.0, 0.0, 0.0, 1.0],
                [1.0, 0.0, 0.0, 0.0, 0.0, 0.99826, -0.058959, 0.05, -0.0, 0.058959, 0.99826, -0.0, 0.0, 0.0, 0.0, 1.0],
                [1.0, 0.0, 0.0, 0.0, 0.0, 0.99826, -0.058959, 0.05, -0.0, 0.058959, 0.99826, 0.0, 0.0, 0.0, 0.0, 1.0],
                [1.0, 0.0, 0.0, -0.0, 0.0, 0.99826, -0.058959, 0.05, -0.0, 0.058959, 0.99826, 0.0, 0.0, 0.0, 0.0, 1.0],
                [1.0, 0.0, 0.0, 0.0, 0.0, 0.99826, -0.058959, 0.05, -0.0, 0.058959, 0.99826, -0.0, 0.0, 0.0, 0.0, 1.0],
                [1.0, 0.0, 0.0, 0.0, 0.0, 0.99826, -0.058959, 0.05, -0.0, 0.058959, 0.99826, -0.0, 0.0, 0.0, 0.0, 1.0],
                [1.0, 0.0, 0.0, 0.0, 0.0, 0.99826, -0.058959, 0.05, -0.0, 0.058959, 0.99826, -0.0, 0.0, 0.0, 0.0, 1.0],
                [1.0, 0.0, 0.0, 0.0, 0.0, 0.99826, -0.058959, 0.05, -0.0, 0.058959, 0.99826, 0.0, 0.0, 0.0, 0.0, 1.0],
                [1.0, 0.0, 0.0, 0.0, 0.0, 0.99826, -0.058959, 0.05, -0.0, 0.058959, 0.99826, 0.0, 0.0, 0.0, 0.0, 1.0],
                [1.0, 0.0, 0.0, 0.0, 0.0, 0.99826, -0.058959, 0.05, -0.0, 0.058959, 0.99826, -0.0, 0.0, 0.0, 0.0, 1.0],
                [1.0, 0.0, 0.0, -0.0, 0.0, 0.99826, -0.058959, 0.05, -0.0, 0.058959, 0.99826, -0.0, 0.0, 0.0, 0.0, 1.0],
                [1.0, 0.0, 0.0, -0.0, 0.0, 0.99826, -0.058959, 0.05, -0.0, 0.058959, 0.99826, -0.0, 0.0, 0.0, 0.0, 1.0],
                [1.0, 0.0, 0.0, 0.0, 0.0, 0.99826, -0.058959, 0.05, -0.0, 0.058959, 0.99826, -0.0, 0.0, 0.0, 0.0, 1.0],
                [1.0, 0.0, 0.0, 0.0, 0.0, 0.99826, -0.058959, 0.05, -0.0, 0.058959, 0.99826, -0.0, 0.0, 0.0, 0.0, 1.0],
                [1.0, 0.0, 0.0, 0.0, 0.0, 0.99826, -0.058959, 0.05, -0.0, 0.058959, 0.99826, -0.0, 0.0, 0.0, 0.0, 1.0],
                [1.0, 0.0, 0.0, 0.0, 0.0, 0.99826, -0.058959, 0.05, -0.0, 0.058959, 0.99826, -0.0, 0.0, 0.0, 0.0, 1.0],
                [1.0, 0.0, 0.0, 0.0, 0.0, 0.99826, -0.058959, 0.05, -0.0, 0.058959, 0.99826, -0.0, 0.0, 0.0, 0.0, 1.0],
                [1.0, 0.0, 0.0, 0.0, 0.0, 0.99826, -0.058959, 0.05, -0.0, 0.058959, 0.99826, -0.0, 0.0, 0.0, 0.0, 1.0],
                [1.0, 0.0, 0.0, 0.0, 0.0, 0.99826, -0.058959, 0.05, -0.0, 0.058959, 0.99826, -0.0, 0.0, 0.0, 0.0, 1.0],
                [1.0, 0.0, 0.0, 0.0, 0.0, 0.99826, -0.058959, 0.05, -0.0, 0.058959, 0.99826, -0.0, 0.0, 0.0, 0.0, 1.0],
                [1.0, 0.0, 0.0, 0.0, 0.0, 0.99826, -0.058959, 0.05, -0.0, 0.058959, 0.99826, -0.0, 0.0, 0.0, 0.0, 1.0]
            ]
        },
        {
            "name": "Chest",
            "time": [0.0, 0.0167, 0.0333, 0.05, 0.0667, 0.0833, 0.1, 0.1167, 0.1333, 0.15, 0.1667, 0.1833, 0.2, 0.2167, 0.2333, 0.25, 0.2667, 0.2833, 0.3, 0.3167, 0.3333, 0.35, 0.3667, 0.3833, 0.4, 0.4167, 0.4333, 0.6667],
            "transform": [
                [0.998146, 0.060348, 0.007944, 0.0, -0.060698, 0.977091, 0.20398, 0.300523, 0.004548, -0.204084, 0.978943, -0.0, 0.0, 0.0, 0.0, 1.0],
                [0.998146, 0.060348, 0.007944, 0.0, -0.060698, 0.977091, 0.20398, 0.300523, 0.004548, -0.204084, 0.978943, -0.0, 0.0, 0.0, 0.0, 1.0],
                [0.998146, 0.060348, 0.007944, 0.0, -0.060698, 0.977091, 0.20398, 0.300523, 0.004548, -0.204084, 0.978943, -0.0, 0.0, 0.0, 0.0, 1.0],
                [0.998146, 0.060348, 0.007944, 0.0, -0.060698, 0.977091, 0.20398, 0.300523, 0.004548, -0.204084, 0.978943, -0.0, 0.0, 0.0, 0.0, 1.0],
                [0.998146, 0.060348, 0.007944, 0.0, -0.060698, 0.977091, 0.20398, 0.300523, 0.004548, -0.204084, 0.978943, -0.0, 0.0, 0.0, 0.0, 1.0],
                [0.998321, 0.057528, 0.006703, 0.0, -0.057698, 0.977806, 0.201412, 0.300523, 0.005033, -0.20146, 0.979484, 0.0, 0.0, 0.0, 0.0, 1.0],
                [0.998792, 0.049044, 0.003023, -0.0, -0.0487, 0.979857, 0.193672, 0.300523, 0.006536, -0.193585, 0.981062, -0.0, 0.0, 0.0, 0.0, 1.0],
                [0.999371, 0.035346, -0.002747, 0.0, -0.034264, 0.982859, 0.181145, 0.300523, 0.009103, -0.180937, 0.983453, 0.0, 0.0, 0.0, 0.0, 1.0],
                [0.999793, 0.017798, -0.009836, -0.0, -0.015932, 0.986158, 0.165042, 0.300523, 0.012637, -0.164851, 0.986238, -0.0, 0.0, 0.0, 0.0, 1.0],
                [0.999852, -0.001271, -0.01716, -0.0, 0.003788, 0.989059, 0.147473, 0.300523, 0.016785, -0.147516, 0.988917, 0.0, 0.0, 0.0, 0.0, 1.0],
                [0.999539, -0.019054, -0.023642, 0.0, 0.021993, 0.991135, 0.131024, 0.300523, 0.020936, -0.131484, 0.991097, -0.0, 0.0, 0.0, 0.0, 1.0],
                [0.999045, -0.033095, -0.028527, -0.0, 0.036243, 0.992353, 0.117993, 0.300523, 0.024404, -0.118915, 0.992605, -0.0, 0.0, 0.0, 0.0, 1.0],
                [0.998627, -0.041864, -0.031474, 0.0, 0.045086, 0.992927, 0.109837, 0.300523, 0.026653, -0.111105, 0.993451, 0.0, 0.0, 0.0, 0.0, 1.0],
                [0.99847, -0.04479, -0.03244, -0.0, 0.048028, 0.993086, 0.107112, 0.300523, 0.027418, -0.108506, 0.993718, -0.0, 0.0, 0.0, 0.0, 1.0],
                [0.99847, -0.04479, -0.03244, -0.0, 0.048028, 0.993086, 0.107112, 0.300523, 0.027418, -0.108506, 0.993718, 0.0, 0.0, 0.0, 0.0, 1.0],
                [0.99847, -0.04479, -0.03244, 0.0, 0.048028, 0.993086, 0.107112, 0.300523, 0.027418, -0.108506, 0.993718, -0.0, 0.0, 0.0, 0.0, 1.0],
                [0.99847, -0.04479, -0.03244, 0.0, 0.048028, 0.993086, 0.107112, 0.300523, 0.027418, -0.108506, 0.993718, 0.0, 0.0, 0.0, 0.0, 1.0],
                [0.99847, -0.04479, -0.03244, -0.0, 0.048028, 0.993086, 0.107112, 0.300523, 0.027418, -0.108506, 0.993718, 0.0, 0.0, 0.0, 0.0, 1.0],
                [0.99847, -0.04479, -0.03244, -0.0, 0.048028, 0.993086, 0.107112, 0.300523, 0.027418, -0.108506, 0.993718, -0.0, 0.0, 0.0, 0.0, 1.0],
                [0.99847, -0.04479, -0.03244, -0.0, 0.048028, 0.993086, 0.107112, 0.300523, 0.027418, -0.108506, 0.993718, 0.0, 0.0, 0.0, 0.0, 1.0],
                [0.99847, -0.04479, -0.03244, -0.0, 0.048028, 0.993086, 0.107112, 0.300523, 0.027418, -0.108506, 0.993718, -0.0, 0.0, 0.0, 0.0, 1.0],
                [0.99847, -0.04479, -0.03244, -0.0, 0.048028, 0.993086, 0.107112, 0.300523, 0.027418, -0.108506, 0.993718, 0.0, 0.0, 0.0, 0.0, 1.0],
                [0.99847, -0.04479, -0.03244, 0.0, 0.048028, 0.993086, 0.107112, 0.300523, 0.027418, -0.108506, 0.993718, 0.0, 0.0, 0.0, 0.0, 1.0],
                [0.99847, -0.04479, -0.03244, 0.0, 0.048028, 0.993086, 0.107112, 0.300523, 0.027418, -0.108506, 0.993718, 0.0, 0.0, 0.0, 0.0, 1.0],
                [0.99847, -0.04479, -0.03244, 0.0, 0.048028, 0.993086, 0.107112, 0.300523, 0.027418, -0.108506, 0.993718, -0.0, 0.0, 0.0, 0.0, 1.0],
                [0.99847, -0.04479, -0.03244, 0.0, 0.048028, 0.993086, 0.107112, 0.300523, 0.027418, -0.108506, 0.993718, 0.0, 0.0, 0.0, 0.0, 1.0],
                [0.99847, -0.04479, -0.03244, 0.0, 0.048028, 0.993086, 0.107112, 0.300523, 0.027418, -0.108506, 0.993718, 0.0, 0.0, 0.0, 0.0, 1.0],
                [0.99847, -0.04479, -0.03244, 0.0, 0.048028, 0.993086, 0.107112, 0.300523, 0.027418, -0.108506, 0.993718, 0.0, 0.0, 0.0, 0.0, 1.0]
            ]
        },
        {
            "name": "Head",
            "time": [0.0667, 0.0833, 0.1, 0.1167, 0.1333, 0.15, 0.1667, 0.1833, 0.2, 0.2167, 0.2333, 0.25, 0.2667, 0.2833, 0.3, 0.3167, 0.3333, 0.35, 0.3667, 0.3833, 0.4, 0.4167, 0.4333, 0.0, 0.6667],
            "transform": [
                [0.468841, -0.098928, -0.877725, -0.0, -0.111019, 0.979228, -0.169669, 0.400392, 0.876278, 0.176991, 0.448119, 0.0, 0.0, 0.0, 0.0, 1.0],
                [0.468841, -0.098928, -0.877725, -0.0, -0.111019, 0.979228, -0.169669, 0.400392, 0.876278, 0.176991, 0.448119, 0.0, 0.0, 0.0, 0.0, 1.0],
                [0.465278, -0.096042, -0.879939, 0.0, -0.109103, 0.980294, -0.164684, 0.400392, 0.878415, 0.172628, 0.44563, -0.0, 0.0, 0.0, 0.0, 1.0],
