{
    "animation": [
        {
            "name": "Root",
            "time": [0.0333, 2.3333],
            "transform": [
                [1.0, 0.0, 0.0, -5e-06, 0.0, -0.0, -1.0, 0.000946, 0.0, 1.0, -0.0, 0.763972, 0.0, 0.0, 0.0, 1.0],
                [1.0, 0.0, 0.0, -5e-06, 0.0, -0.0, -1.0, 0.000946, 0.0, 1.0, -0.0, 0.763972, 0.0, 0.0, 0.0, 1.0]
            ]
        },
        {
            "name": "Thigh_R",
            "time": [0.0333, 0.0667, 0.1, 0.1333, 0.1667, 0.2, 0.2333, 0.2667, 0.3, 0.3333, 0.3667, 0.4, 0.4333, 0.4667, 0.5, 0.5333, 0.5667, 0.6, 0.6333, 0.6667, 0.7, 0.7333, 0.7667, 0.8, 0.8333, 0.8667, 0.9, 0.9333, 0.9667, 1.0, 1.0333, 1.1, 1.1333, 1.1667, 1.2, 1.2333, 1.2667, 1.3, 1.3333, 1.3667, 1.4, 1.4333, 1.4667, 1.5, 1.5333, 1.5667, 1.6, 1.6333, 1.6667, 1.7, 1.7333, 1.7667, 1.8, 1.8333, 1.8667, 1.9, 1.9333, 1.9667, 2.0, 2.0333, 2.0667, 2.1, 2.1667, 2.2, 2.2333, 2.2667, 2.3, 2.3333],
            "transform": [
                [0.887547, 0.434082, 0.154376, 0.124994, 0.304504, -0.804155, 0.510498, -0.002831, 0.34574, -0.406082, -0.845908, -1.2e-05, 0.0, 0.0, 0.0, 1.0],
                [0.888403, 0.432551, 0.153748, 0.124994, 0.303042, -0.804164, 0.511355, -0.002831, 0.344826, -0.407696, -0.845505, -1.2e-05, 0.0, 0.0, 0.0, 1.0],
                [0.889256, 0.431542, 0.151639, 0.124994, 0.301918, -0.802807, 0.514144, -0.002831, 0.343612, -0.411423, -0.844193, -1.2e-05, 0.0, 0.0, 0.0, 1.0],
                [0.888653, 0.436363, 0.141004, 0.124994, 0.304323, -0.791174, 0.530498, -0.002831, 0.343049, -0.428517, -0.835877, -1.2e-05, 0.0, 0.0, 0.0, 1.0],
                [0.882733, 0.453481, 0.123031, 0.124994, 0.315629, -0.766238, 0.559693, -0.002831, 0.348082, -0.455226, -0.819517, -1.2e-05, 0.0, 0.0, 0.0, 1.0],
                [0.874347, 0.47449, 0.101856, 0.124994, 0.331133, -0.736735, 0.589551, -0.002831, 0.354777, -0.481744, -0.801284, -1.2e-05, 0.0, 0.0, 0.0, 1.0],
                [0.86685, 0.492622, 0.076768, 0.124994, 0.347229, -0.707012, 0.616088, -0.002831, 0.357775, -0.507399, -0.783928, -1.2e-05, 0.0, 0.0, 0.0, 1.0],
                [0.858341, 0.510823, 0.048043, 0.124994, 0.364975, -0.673704, 0.642584, -0.002831, 0.360614, -0.534021, -0.764708, -1.2e-05, 0.0, 0.0, 0.0, 1.0],
                [0.85024, 0.525997, 0.020429, 0.124994, 0.380825, -0.641443, 0.665974, -0.002831, 0.363405, -0.558457, -0.745695, -1.2e-05, 0.0, 0.0, 0.0, 1.0],
                [0.848123, 0.529773, -0.005189, 0.124994, 0.391048, -0.619365, 0.680784, -0.002831, 0.357448, -0.579416, -0.732466, -1.2e-05, 0.0, 0.0, 0.0, 1.0],
                [0.852315, 0.522053, -0.031926, 0.124994, 0.397347, -0.606605, 0.688581, -0.002831, 0.34011, -0.599572, -0.724457, -1.2e-05, 0.0, 0.0, 0.0, 1.0],
                [0.857636, 0.511345, -0.054641, 0.124994, 0.401381, -0.599178, 0.692732, -0.002831, 0.321485, -0.616043, -0.719123, -1.2e-05, 0.0, 0.0, 0.0, 1.0],
                [0.861088, 0.504213, -0.065533, 0.124994, 0.40272, -0.597652, 0.693272, -0.002831, 0.310392, -0.623359, -0.717691, -1.2e-05, 0.0, 0.0, 0.0, 1.0],
                [0.861373, 0.504197, -0.061816, 0.124994, 0.402099, -0.602409, 0.689506, -0.002831, 0.310409, -0.618776, -0.721638, -1.2e-05, 0.0, 0.0, 0.0, 1.0],
                [0.856904, 0.513506, -0.045015, 0.124994, 0.402386, -0.61177, 0.681045, -0.002831, 0.322182, -0.601702, -0.730857, -1.2e-05, 0.0, 0.0, 0.0, 1.0],
                [0.853732, 0.520116, -0.024908, 0.124994, 0.404831, -0.632892, 0.659968, -0.002831, 0.327496, -0.573518, -0.750881, -1.2e-05, 0.0, 0.0, 0.0, 1.0],
                [0.858502, 0.512766, -0.006652, 0.124994, 0.407719, -0.674642, 0.615322, -0.002831, 0.311029, -0.530966, -0.788248, -1.2e-05, 0.0, 0.0, 0.0, 1.0],
                [0.864659, 0.502268, 0.00952, 0.124994, 0.413447, -0.722261, 0.554435, -0.002831, 0.285351, -0.47546, -0.832173, -1.2e-05, 0.0, 0.0, 0.0, 1.0],
                [0.86589, 0.497849, 0.048775, 0.124994, 0.423209, -0.781055, 0.459177, -0.002831, 0.266698, -0.376954, -0.887005, -1.2e-05, 0.0, 0.0, 0.0, 1.0],
                [0.869338, 0.481236, 0.112528, 0.124994, 0.430269, -0.848988, 0.30673, -0.002831, 0.243145, -0.218235, -0.945121, -1.2e-05, 0.0, 0.0, 0.0, 1.0],
                [0.884427, 0.427544, 0.187066, 0.124994, 0.415002, -0.903882, 0.103767, -0.002831, 0.213451, -0.014142, -0.976852, -1.2e-05, 0.0, 0.0, 0.0, 1.0],
                [0.906, 0.304112, 0.294413, 0.124994, 0.346151, -0.932631, -0.101854, -0.002831, 0.243604, 0.194191, -0.950235, -1.2e-05, 0.0, 0.0, 0.0, 1.0],
                [0.890107, 0.178332, 0.419413, 0.124994, 0.302589, -0.919408, -0.251247, -0.002831, 0.340807, 0.350546, -0.872335, -1.2e-05, 0.0, 0.0, 0.0, 1.0],
                [0.861334, 0.092028, 0.499634, 0.124994, 0.284631, -0.902028, -0.32454, -0.002831, 0.420818, 0.421748, -0.803144, -1.2e-05, 0.0, 0.0, 0.0, 1.0],
                [0.838907, 0.041935, 0.542657, 0.124994, 0.26642, -0.901051, -0.342235, -0.002831, 0.474611, 0.431677, -0.767072, -1.2e-05, 0.0, 0.0, 0.0, 1.0],
                [0.814854, 0.003277, 0.579656, 0.124994, 0.248284, -0.905583, -0.343906, -0.002831, 0.5238, 0.424152, -0.738734, -1.2e-05, 0.0, 0.0, 0.0, 1.0],
                [0.789378, -0.040751, 0.612554, 0.124994, 0.233535, -0.902844, -0.361013, -0.002831, 0.567753, 0.428028, -0.70317, -1.2e-05, 0.0, 0.0, 0.0, 1.0],
                [0.771691, -0.071264, 0.631992, 0.124994, 0.225372, -0.898576, -0.376516, -0.002831, 0.594726, 0.432987, -0.677365, -1.2e-05, 0.0, 0.0, 0.0, 1.0],
                [0.754943, -0.097216, 0.648545, 0.124994, 0.219294, -0.894593, -0.38937, -0.002831, 0.618038, 0.436174, -0.65405, -1.2e-05, 0.0, 0.0, 0.0, 1.0],
                [0.726778, -0.123661, 0.675649, 0.124994, 0.216088, -0.892549, -0.395801, -0.002831, 0.651996, 0.433658, -0.621965, -1.2e-05, 0.0, 0.0, 0.0, 1.0],
                [0.695249, -0.141863, 0.70463, 0.124994, 0.215181, -0.894284, -0.392364, -0.002831, 0.685803, 0.424413, -0.591226, -1.2e-05, 0.0, 0.0, 0.0, 1.0],
                [0.656378, -0.149939, 0.739383, 0.124994, 0.197843, -0.91154, -0.360485, -0.002831, 0.728029, 0.382895, -0.568652, -1.2e-05, 0.0, 0.0, 0.0, 1.0],
                [0.649915, -0.143998, 0.74624, 0.124994, 0.189002, -0.920415, -0.342214, -0.002831, 0.736131, 0.36345, -0.570977, -1.2e-05, 0.0, 0.0, 0.0, 1.0],
                [0.659761, -0.132011, 0.739789, 0.124994, 0.186633, -0.924819, -0.331474, -0.002831, 0.72793, 0.356762, -0.585523, -1.2e-05, 0.0, 0.0, 0.0, 1.0],
                [0.68743, -0.109873, 0.717892, 0.124994, 0.188995, -0.927365, -0.322909, -0.002831, 0.701228, 0.357655, -0.616735, -1.2e-05, 0.0, 0.0, 0.0, 1.0],
                [0.721112, -0.079599, 0.688231, 0.124994, 0.196947, -0.928842, -0.313785, -0.002831, 0.664236, 0.361819, -0.654124, -1.2e-05, 0.0, 0.0, 0.0, 1.0],
                [0.753784, -0.043303, 0.655694, 0.124994, 0.210151, -0.929536, -0.302978, -0.002831, 0.622612, 0.366174, -0.691571, -1.2e-05, 0.0, 0.0, 0.0, 1.0],
                [0.78647, 0.000356, 0.617628, 0.124994, 0.223631, -0.932309, -0.284228, -0.002831, 0.57572, 0.361657, -0.733315, -1.2e-05, 0.0, 0.0, 0.0, 1.0],
                [0.8103, 0.060604, 0.582873, 0.124994, 0.248972, -0.936007, -0.248796, -0.002831, 0.530497, 0.346718, -0.773537, -1.2e-05, 0.0, 0.0, 0.0, 1.0],
                [0.839543, 0.122939, 0.529201, 0.124994, 0.272198, -0.938169, -0.213878, -0.002831, 0.470187, 0.323606, -0.821099, -1.2e-05, 0.0, 0.0, 0.0, 1.0],
                [0.8537, 0.193205, 0.483598, 0.124994, 0.307512, -0.936464, -0.168721, -0.002831, 0.420275, 0.292749, -0.858875, -1.2e-05, 0.0, 0.0, 0.0, 1.0],
                [0.865427, 0.264145, 0.425749, 0.124994, 0.341953, -0.932457, -0.116572, -0.002831, 0.366201, 0.24647, -0.897301, -1.2e-05, 0.0, 0.0, 0.0, 1.0],
                [0.872379, 0.335987, 0.35506, 0.124994, 0.380575, -0.92267, -0.06196, -0.002831, 0.306785, 0.189179, -0.932788, -1.2e-05, 0.0, 0.0, 0.0, 1.0],
                [0.869062, 0.389974, 0.304384, 0.124994, 0.411663, -0.911301, -0.007805, -0.002831, 0.274342, 0.132086, -0.952518, -1.2e-05, 0.0, 0.0, 0.0, 1.0],
                [0.851913, 0.441646, 0.281411, 0.124994, 0.441177, -0.894784, 0.068708, -0.002831, 0.282147, 0.065619, -0.957125, -1.2e-05, 0.0, 0.0, 0.0, 1.0],
                [0.827447, 0.490978, 0.272527, 0.124994, 0.46148, -0.871067, 0.16815, -0.002831, 0.319948, -0.01337, -0.947341, -1.2e-05, 0.0, 0.0, 0.0, 1.0],
                [0.811878, 0.522887, 0.259696, 0.124994, 0.461435, -0.847211, 0.263265, -0.002831, 0.357675, -0.093906, -0.929113, -1.2e-05, 0.0, 0.0, 0.0, 1.0],
                [0.806359, 0.535172, 0.251744, 0.124994, 0.444233, -0.829066, 0.339564, -0.002831, 0.390438, -0.161977, -0.906268, -1.2e-05, 0.0, 0.0, 0.0, 1.0],
                [0.809687, 0.530802, 0.250307, 0.124994, 0.418367, -0.821187, 0.388096, -0.002831, 0.411552, -0.209516, -0.886977, -1.2e-05, 0.0, 0.0, 0.0, 1.0],
                [0.819166, 0.518244, 0.245741, 0.124994, 0.39554, -0.820709, 0.412288, -0.002831, 0.415349, -0.240532, -0.877286, -1.2e-05, 0.0, 0.0, 0.0, 1.0],
                [0.831892, 0.501239, 0.238146, 0.124994, 0.377756, -0.825853, 0.418645, -0.002831, 0.406515, -0.258306, -0.87637, -1.2e-05, 0.0, 0.0, 0.0, 1.0],
                [0.838773, 0.491499, 0.234278, 0.124994, 0.366538, -0.827887, 0.424559, -0.002831, 0.402627, -0.270236, -0.874565, -1.2e-05, 0.0, 0.0, 0.0, 1.0],
                [0.838289, 0.494921, 0.228744, 0.124994, 0.363095, -0.819726, 0.442953, -0.002831, 0.406735, -0.288266, -0.866873, -1.2e-05, 0.0, 0.0, 0.0, 1.0],
                [0.840744, 0.497403, 0.213867, 0.124994, 0.359742, -0.80839, 0.465927, -0.002831, 0.404642, -0.314787, -0.858588, -1.2e-05, 0.0, 0.0, 0.0, 1.0],
                [0.850353, 0.489346, 0.193492, 0.124994, 0.351108, -0.80152, 0.484032, -0.002831, 0.391948, -0.343661, -0.85339, -1.2e-05, 0.0, 0.0, 0.0, 1.0],
                [0.859326, 0.47868, 0.180061, 0.124994, 0.34207, -0.799693, 0.493434, -0.002831, 0.380191, -0.362426, -0.850942, -1.2e-05, 0.0, 0.0, 0.0, 1.0],
                [0.865523, 0.470021, 0.173058, 0.124994, 0.335687, -0.800786, 0.496037, -0.002831, 0.371731, -0.371237, -0.850881, -1.2e-05, 0.0, 0.0, 0.0, 1.0],
                [0.871992, 0.460705, 0.165469, 0.124994, 0.330133, -0.80304, 0.49612, -0.002831, 0.361443, -0.377985, -0.852341, -1.2e-05, 0.0, 0.0, 0.0, 1.0],
                [0.877061, 0.453305, 0.158988, 0.124994, 0.326225, -0.804987, 0.495549, -0.002831, 0.352618, -0.382761, -0.853905, -1.2e-05, 0.0, 0.0, 0.0, 1.0],
                [0.879298, 0.449719, 0.156804, 0.124994, 0.32322, -0.805271, 0.497057, -0.002831, 0.349806, -0.386378, -0.853433, -1.2e-05, 0.0, 0.0, 0.0, 1.0],
                [0.879923, 0.448379, 0.157134, 0.124994, 0.32067, -0.804502, 0.499945, -0.002831, 0.35058, -0.389524, -0.851683, -1.2e-05, 0.0, 0.0, 0.0, 1.0],
                [0.881119, 0.446253, 0.156482, 0.124994, 0.318072, -0.804126, 0.502204, -0.002831, 0.349941, -0.392728, -0.850474, -1.2e-05, 0.0, 0.0, 0.0, 1.0],
                [0.885339, 0.439048, 0.153005, 0.124994, 0.312107, -0.805121, 0.504347, -0.002831, 0.344621, -0.398763, -0.849838, -1.2e-05, 0.0, 0.0, 0.0, 1.0],
                [0.88601, 0.437451, 0.153692, 0.124994, 0.309605, -0.804918, 0.506211, -0.002831, 0.345153, -0.400923, -0.848605, -1.2e-05, 0.0, 0.0, 0.0, 1.0],
                [0.886552, 0.436213, 0.154087, 0.124994, 0.307642, -0.804636, 0.507853, -0.002831, 0.345516, -0.402833, -0.847552, -1.2e-05, 0.0, 0.0, 0.0, 1.0],
                [0.887101, 0.435057, 0.154197, 0.124994, 0.306007, -0.804425, 0.509173, -0.002831, 0.34556, -0.404502, -0.846739, -1.2e-05, 0.0, 0.0, 0.0, 1.0],
                [0.887345, 0.434405, 0.15463, 0.124994, 0.30477, -0.804185, 0.510293, -0.002831, 0.346025, -0.405679, -0.845985, -1.2e-05, 0.0, 0.0, 0.0, 1.0],
                [0.887541, 0.434097, 0.154368, 0.124994, 0.304521, -0.804149, 0.510497, -0.002831, 0.345741, -0.406078, -0.84591, -1.2e-05, 0.0, 0.0, 0.0, 1.0]
            ]
        },
        {
            "name": "Leg_R",
            "time": [0.0333, 0.0667, 0.1, 0.1333, 0.1667, 0.2, 0.2333, 0.2667, 0.3, 0.3333, 0.3667, 0.4, 0.4333, 0.4667, 0.5, 0.5333, 0.5667, 0.6, 0.6333, 0.6667, 0.7, 0.7333, 0.7667, 0.8, 0.8333, 0.8667, 0.9, 0.9333, 0.9667, 1.0, 1.0333, 1.0667, 1.1, 1.1333, 1.1667, 1.2, 1.2333, 1.2667, 1.3, 1.3333, 1.3667, 1.4, 1.4333, 1.4667, 1.5, 1.5333, 1.5667, 1.6, 1.6333, 1.6667, 1.7, 1.7333, 1.7667, 1.8, 1.8333, 1.8667, 1.9, 1.9333, 1.9667, 2.0, 2.0333, 2.0667, 2.1, 2.1333, 2.1667, 2.2, 2.2333, 2.2667, 2.3, 2.3333],
            "transform": [
                [0.98906, 0.138166, -0.05168, 0.0, -0.046336, 0.623594, 0.780373, 0.37472, 0.140048, -0.769442, 0.623173, 0.0, 0.0, 0.0, 0.0, 1.0],
                [0.989143, 0.137863, -0.050888, 0.0, -0.046533, 0.622296, 0.781397, 0.37472, 0.139393, -0.770547, 0.621954, 0.0, 0.0, 0.0, 0.0, 1.0],
                [0.989121, 0.137855, -0.051341, 0.0, -0.045799, 0.620252, 0.783064, 0.37472, 0.139794, -0.772194, 0.619817, 0.0, 0.0, 0.0, 0.0, 1.0],
                [0.988438, 0.137899, -0.063045, 0.0, -0.035272, 0.613499, 0.788907, 0.37472, 0.147468, -0.777563, 0.611268, 0.0, 0.0, 0.0, 0.0, 1.0],
                [0.985893, 0.13561, -0.098104, 0.0, -0.004195, 0.605972, 0.795474, 0.37472, 0.167323, -0.783842, 0.597992, -0.0, 0.0, 0.0, 0.0, 1.0],
                [0.97934, 0.130523, -0.154457, -0.0, 0.045578, 0.601682, 0.797434, 0.37472, 0.197017, -0.788, 0.583301, 0.0, 0.0, 0.0, 0.0, 1.0],
                [0.966802, 0.127171, -0.221634, 0.0, 0.102628, 0.601082, 0.79257, 0.37472, 0.234012, -0.789005, 0.568075, 0.0, 0.0, 0.0, 0.0, 1.0],
                [0.948229, 0.12619, -0.29144, -0.0, 0.160638, 0.601052, 0.782899, 0.37472, 0.273965, -0.789185, 0.549664, -0.0, 0.0, 0.0, 0.0, 1.0],
                [0.92842, 0.125958, -0.349529, 0.0, 0.209014, 0.600713, 0.771659, 0.37472, 0.307163, -0.789481, 0.531386, 0.0, 0.0, 0.0, 0.0, 1.0],
                [0.916117, 0.130894, -0.378942, 0.0, 0.230029, 0.602523, 0.764233, 0.37472, 0.328355, -0.787295, 0.521871, -0.0, 0.0, 0.0, 0.0, 1.0],
                [0.914613, 0.143473, -0.378018, 0.0, 0.222121, 0.602925, 0.766253, 0.37472, 0.337853, -0.784792, 0.519574, -0.0, 0.0, 0.0, 0.0, 1.0],
                [0.920008, 0.156122, -0.35946, -0.0, 0.201247, 0.598847, 0.775166, 0.37472, 0.336282, -0.7855, 0.519524, 0.0, 0.0, 0.0, 0.0, 1.0],
                [0.928299, 0.161399, -0.334979, -0.0, 0.180673, 0.591601, 0.785726, 0.37472, 0.32499, -0.789912, 0.520021, 0.0, 0.0, 0.0, 0.0, 1.0],
                [0.937113, 0.158211, -0.31111, 0.0, 0.165145, 0.584283, 0.794569, 0.37472, 0.307486, -0.79598, 0.52141, -0.0, 0.0, 0.0, 0.0, 1.0],
                [0.947179, 0.149705, -0.283618, -0.0, 0.147606, 0.581626, 0.799952, 0.37472, 0.284717, -0.799563, 0.528806, 0.0, 0.0, 0.0, 0.0, 1.0],
                [0.960138, 0.14784, -0.237228, -0.0, 0.109773, 0.581077, 0.806411, 0.37472, 0.257068, -0.800309, 0.541685, -0.0, 0.0, 0.0, 0.0, 1.0],
                [0.974353, 0.160218, -0.158008, 0.0, 0.038864, 0.571812, 0.819463, 0.37472, 0.221643, -0.804588, 0.550919, 0.0, 0.0, 0.0, 0.0, 1.0],
                [0.980801, 0.17491, -0.086229, 0.0, -0.018528, 0.52376, 0.851664, 0.37472, 0.194127, -0.833716, 0.516945, -0.0, 0.0, 0.0, 0.0, 1.0],
                [0.978617, 0.175298, -0.107612, -0.0, 0.010486, 0.479972, 0.877221, 0.37472, 0.205426, -0.859593, 0.467869, 0.0, 0.0, 0.0, 0.0, 1.0],
                [0.96613, 0.168049, -0.195836, 0.0, 0.091759, 0.485581, 0.869362, 0.37472, 0.24119, -0.857888, 0.453714, -0.0, 0.0, 0.0, 0.0, 1.0],
                [0.94082, 0.159266, -0.299151, 0.0, 0.165606, 0.554089, 0.815818, 0.37472, 0.295688, -0.817081, 0.494922, 0.0, 0.0, 0.0, 0.0, 1.0],
                [0.947825, 0.150695, -0.280924, -0.0, 0.118602, 0.651275, 0.749516, 0.37472, 0.295907, -0.74373, 0.599421, -0.0, 0.0, 0.0, 0.0, 1.0],
                [0.954324, 0.137596, -0.265204, -0.0, 0.07721, 0.743913, 0.663801, 0.37472, 0.288625, -0.653959, 0.699309, -0.0, 0.0, 0.0, 0.0, 1.0],
                [0.948659, 0.128097, -0.2892, 0.0, 0.078507, 0.790354, 0.6076, 0.37472, 0.306402, -0.59911, 0.739719, -0.0, 0.0, 0.0, 0.0, 1.0],
                [0.949867, 0.129703, -0.28448, -0.0, 0.072995, 0.792749, 0.605162, 0.37472, 0.304013, -0.59559, 0.743538, 0.0, 0.0, 0.0, 0.0, 1.0],
                [0.948327, 0.130372, -0.289274, 0.0, 0.074416, 0.794873, 0.602195, 0.37472, 0.308446, -0.592605, 0.744097, -0.0, 0.0, 0.0, 0.0, 1.0],
                [0.95328, 0.12805, -0.273605, -0.0, 0.05759, 0.812071, 0.580711, 0.37472, 0.296547, -0.569338, 0.766755, -0.0, 0.0, 0.0, 0.0, 1.0],
                [0.954195, 0.128121, -0.270364, -0.0, 0.053447, 0.816137, 0.575382, 0.37472, 0.294373, -0.563478, 0.771905, 0.0, 0.0, 0.0, 0.0, 1.0],
                [0.958341, 0.130611, -0.254015, 0.0, 0.042697, 0.813825, 0.57954, 0.37472, 0.282418, -0.566243, 0.774343, -0.0, 0.0, 0.0, 0.0, 1.0],
                [0.957677, 0.13134, -0.256133, 0.0, 0.043627, 0.813321, 0.580177, 0.37472, 0.284519, -0.566797, 0.773168, 0.0, 0.0, 0.0, 0.0, 1.0],
                [0.956707, 0.132107, -0.259343, 0.0, 0.045479, 0.812256, 0.581526, 0.37472, 0.287477, -0.568146, 0.771082, 0.0, 0.0, 0.0, 0.0, 1.0],
                [0.957801, 0.134595, -0.25397, 0.0, 0.043002, 0.806542, 0.58961, 0.37472, 0.284196, -0.575652, 0.766718, 0.0, 0.0, 0.0, 0.0, 1.0],
                [0.957444, 0.137661, -0.253676, 0.0, 0.045204, 0.796555, 0.602874, 0.37472, 0.285059, -0.588686, 0.756432, -0.0, 0.0, 0.0, 0.0, 1.0],
                [0.9553, 0.139051, -0.260896, 0.0, 0.051816, 0.790075, 0.610816, 0.37472, 0.291062, -0.597032, 0.747552, 0.0, 0.0, 0.0, 0.0, 1.0],
                [0.956674, 0.139469, -0.255583, -0.0, 0.048488, 0.789237, 0.612171, 0.37472, 0.287095, -0.598042, 0.748279, 0.0, 0.0, 0.0, 0.0, 1.0],
                [0.951143, 0.138002, -0.276194, 0.0, 0.062918, 0.789147, 0.610973, 0.37472, 0.302273, -0.598501, 0.741908, 0.0, 0.0, 0.0, 0.0, 1.0],
                [0.953096, 0.138085, -0.269333, -0.0, 0.058885, 0.788265, 0.612512, 0.37472, 0.296885, -0.599644, 0.74316, 0.0, 0.0, 0.0, 0.0, 1.0],
                [0.951372, 0.138005, -0.275402, -0.0, 0.06416, 0.785654, 0.61533, 0.37472, 0.301289, -0.603078, 0.738594, 0.0, 0.0, 0.0, 0.0, 1.0],
                [0.949282, 0.139275, -0.281899, 0.0, 0.070136, 0.780166, 0.621629, 0.37472, 0.306506, -0.609873, 0.730828, 0.0, 0.0, 0.0, 0.0, 1.0],
                [0.943846, 0.141006, -0.298785, 0.0, 0.085652, 0.769, 0.633484, 0.37472, 0.319091, -0.623504, 0.713739, 0.0, 0.0, 0.0, 0.0, 1.0],
                [0.940031, 0.143239, -0.309554, 0.0, 0.097057, 0.757702, 0.645343, 0.37472, 0.326988, -0.636688, 0.69836, -0.0, 0.0, 0.0, 0.0, 1.0],
                [0.933171, 0.145563, -0.328639, -0.0, 0.114834, 0.74567, 0.656346, 0.37472, 0.340596, -0.650223, 0.679121, -0.0, 0.0, 0.0, 0.0, 1.0],
                [0.926042, 0.148307, -0.347059, -0.0, 0.133531, 0.73134, 0.668813, 0.37472, 0.353008, -0.665693, 0.657448, 0.0, 0.0, 0.0, 0.0, 1.0],
                [0.924028, 0.151011, -0.351237, -0.0, 0.14266, 0.716152, 0.683209, 0.37472, 0.354711, -0.681413, 0.6402, 0.0, 0.0, 0.0, 0.0, 1.0],
                [0.930832, 0.151205, -0.3327, -0.0, 0.137646, 0.698285, 0.702461, 0.37472, 0.338535, -0.699669, 0.629172, 0.0, 0.0, 0.0, 0.0, 1.0],
                [0.932611, 0.145164, -0.330399, 0.0, 0.149718, 0.677394, 0.720223, 0.37472, 0.328361, -0.721156, 0.610011, -0.0, 0.0, 0.0, 0.0, 1.0],
                [0.940508, 0.138128, -0.310427, -0.0, 0.148994, 0.653446, 0.742165, 0.37472, 0.305361, -0.744265, 0.59399, 0.0, 0.0, 0.0, 0.0, 1.0],
                [0.961112, 0.133186, -0.24192, 0.0, 0.106213, 0.63036, 0.769002, 0.37472, 0.254917, -0.764793, 0.5917, -0.0, 0.0, 0.0, 0.0, 1.0],
                [0.977819, 0.127998, -0.165792, -0.0, 0.053036, 0.614445, 0.787174, 0.37472, 0.202627, -0.778508, 0.594027, -0.0, 0.0, 0.0, 0.0, 1.0],
                [0.988888, 0.123078, -0.08338, 0.0, -0.010562, 0.617615, 0.786409, 0.37472, 0.148287, -0.776791, 0.612052, -0.0, 0.0, 0.0, 0.0, 1.0],
                [0.992501, 0.119007, -0.027902, -0.0, -0.054054, 0.632053, 0.773038, 0.37472, 0.109632, -0.765734, 0.633745, -0.0, 0.0, 0.0, 0.0, 1.0],
                [0.993139, 0.115384, -0.01902, 0.0, -0.061322, 0.652345, 0.755438, 0.37472, 0.099573, -0.749089, 0.654943, -0.0, 0.0, 0.0, 0.0, 1.0],
                [0.993267, 0.109589, -0.037561, -0.0, -0.045801, 0.669299, 0.741581, 0.37472, 0.106408, -0.734868, 0.66981, -0.0, 0.0, 0.0, 0.0, 1.0],
                [0.992913, 0.104006, -0.057501, 0.0, -0.026972, 0.668429, 0.743287, 0.37472, 0.115742, -0.736469, 0.666496, 0.0, 0.0, 0.0, 0.0, 1.0],
                [0.99168, 0.104123, -0.07569, 0.0, -0.010821, 0.653339, 0.756988, 0.37472, 0.128271, -0.749872, 0.649028, -0.0, 0.0, 0.0, 0.0, 1.0],
                [0.990252, 0.108554, -0.087271, 0.0, -0.001991, 0.637532, 0.770421, 0.37472, 0.139271, -0.762738, 0.631533, -0.0, 0.0, 0.0, 0.0, 1.0],
                [0.989357, 0.112458, -0.092337, 0.0, 0.000798, 0.630376, 0.776289, 0.37472, 0.145507, -0.768102, 0.623576, 0.0, 0.0, 0.0, 0.0, 1.0],
                [0.988829, 0.116748, -0.092668, 0.0, -0.00117, 0.627764, 0.778403, 0.37472, 0.14905, -0.7696, 0.620887, -0.0, 0.0, 0.0, 0.0, 1.0],
                [0.988972, 0.123041, -0.082433, -0.0, -0.012891, 0.625995, 0.77972, 0.37472, 0.14754, -0.77006, 0.620677, 0.0, 0.0, 0.0, 0.0, 1.0],
                [0.989187, 0.12827, -0.071101, 0.0, -0.025067, 0.625547, 0.779783, 0.37472, 0.1445, -0.769571, 0.621997, -0.0, 0.0, 0.0, 0.0, 1.0],
                [0.989174, 0.130512, -0.067088, 0.0, -0.029563, 0.625033, 0.780038, 0.37472, 0.143737, -0.769611, 0.622124, -0.0, 0.0, 0.0, 0.0, 1.0],
                [0.989096, 0.13105, -0.067195, 0.0, -0.029646, 0.624096, 0.780785, 0.37472, 0.144258, -0.77028, 0.621175, -0.0, 0.0, 0.0, 0.0, 1.0],
                [0.989091, 0.131987, -0.065405, 0.0, -0.031495, 0.623234, 0.781401, 0.37472, 0.143898, -0.770818, 0.620591, -0.0, 0.0, 0.0, 0.0, 1.0],
                [0.989092, 0.13434, -0.060407, 0.0, -0.036851, 0.622749, 0.781553, 0.37472, 0.142612, -0.770803, 0.620906, -0.0, 0.0, 0.0, 0.0, 1.0],
                [0.98904, 0.136656, -0.055904, -0.0, -0.041847, 0.622549, 0.781461, 0.37472, 0.141595, -0.770558, 0.621443, 0.0, 0.0, 0.0, 0.0, 1.0],
                [0.988998, 0.137592, -0.054326, -0.0, -0.043695, 0.622575, 0.781339, 0.37472, 0.141328, -0.77037, 0.621736, 0.0, 0.0, 0.0, 0.0, 1.0],
                [0.989023, 0.137798, -0.053349, -0.0, -0.044646, 0.622838, 0.781075, 0.37472, 0.140858, -0.77012, 0.622152, -0.0, 0.0, 0.0, 0.0, 1.0],
                [0.989055, 0.137951, -0.052347, 0.0, -0.045613, 0.623267, 0.780677, 0.37472, 0.140322, -0.769746, 0.622737, 0.0, 0.0, 0.0, 0.0, 1.0],
                [0.989036, 0.13809, -0.052333, -0.0, -0.045776, 0.623609, 0.780395, 0.37472, 0.1404, -0.769444, 0.623092, -0.0, 0.0, 0.0, 0.0, 1.0],
                [0.98906, 0.138167, -0.051668, 0.0, -0.046348, 0.623599, 0.780369, 0.37472, 0.140041, -0.769438, 0.62318, 0.0, 0.0, 0.0, 0.0, 1.0]
            ]
        },
        {
            "name": "Knee_R",
            "time": [0.0333, 2.3333],
            "transform": [
                [1.0, -1e-06, 0.0, 0.0, 0.0, -0.0, -1.0, 0.37472, 1e-06, 1.0, 0.0, 0.0, 0.0, 0.0, 0.0, 1.0],
                [1.0, -1e-06, 0.0, 0.0, 0.0, -0.0, -1.0, 0.37472, 1e-06, 1.0, 0.0, 0.0, 0.0, 0.0, 0.0, 1.0]
            ]
        },
        {
            "name": "Knee_R_end",
            "time": [2.3333],
            "transform": [
                [1.0, 1e-06, 0.0, -0.0, -1e-06, 1.0, -0.0, 0.1, -0.0, -0.0, 1.0, -0.0, 0.0, 0.0, 0.0, 1.0]
            ]
        },
        {
            "name": "Thigh_L",
            "time": [0.0333, 0.0667, 0.1, 0.1333, 0.1667, 0.2, 0.2333, 0.2667, 0.3, 0.3333, 0.3667, 0.4, 0.4333, 0.4667, 0.5, 0.5333, 0.5667, 0.6, 0.6333, 0.6667, 0.7, 0.7333, 0.7667, 0.8, 0.8333, 0.8667, 0.9, 0.9333, 0.9667, 1.0, 1.0333, 1.0667, 1.1, 1.1333, 1.1667, 1.2, 1.2333, 1.2667, 1.3, 1.3333, 1.3667, 1.4, 1.4333, 1.4667, 1.5, 1.5333, 1.5667, 1.6, 1.6333, 1.6667, 1.7, 1.7333, 1.7667, 1.8, 1.8333, 1.8667, 1.9, 1.9333, 1.9667, 2.0, 2.0333, 2.0667, 2.1, 2.1333, 2.1667, 2.2, 2.2333, 2.2667, 2.3, 2.3333],
            "transform": [
                [0.889555, -0.420306, -0.17898, -0.125006, -0.269615, -0.799312, 0.537034, -0.002831, -0.36878, -0.429466, -0.824354, -1.2e-05, 0.0, 0.0, 0.0, 1.0],
                [0.888921, -0.421879, -0.178429, -0.125006, -0.270172, -0.797449, 0.539519, -0.002831, -0.3699, -0.431383, -0.82285, -1.2e-05, 0.0, 0.0, 0.0, 1.0],
                [0.888774, -0.422517, -0.177652, -0.125006, -0.269916, -0.795735, 0.542171, -0.002831, -0.370441, -0.433916, -0.821274, -1.2e-05, 0.0, 0.0, 0.0, 1.0],
                [0.892006, -0.416189, -0.176381, -0.125006, -0.263821, -0.796194, 0.544492, -0.002831, -0.367046, -0.439157, -0.820011, -1.2e-05, 0.0, 0.0, 0.0, 1.0],
                [0.898925, -0.39998, -0.178746, -0.125006, -0.251349, -0.805026, 0.537359, -0.002831, -0.358828, -0.438118, -0.824193, -1.2e-05, 0.0, 0.0, 0.0, 1.0],
                [0.903801, -0.384323, -0.188252, -0.125006, -0.241, -0.82059, 0.518217, -0.002831, -0.353641, -0.422996, -0.834273, -1.2e-05, 0.0, 0.0, 0.0, 1.0],
                [0.90651, -0.369754, -0.203766, -0.125006, -0.232923, -0.840567, 0.489073, -0.002831, -0.352116, -0.395888, -0.848107, -1.2e-05, 0.0, 0.0, 0.0, 1.0],
                [0.910809, -0.350572, -0.218004, -0.125006, -0.222208, -0.861369, 0.456799, -0.002831, -0.347923, -0.367614, -0.862444, -1.2e-05, 0.0, 0.0, 0.0, 1.0],
                [0.916889, -0.329543, -0.225202, -0.125006, -0.2096, -0.877685, 0.43097, -0.002831, -0.33968, -0.34795, -0.873812, -1.2e-05, 0.0, 0.0, 0.0, 1.0],
                [0.922455, -0.31316, -0.225848, -0.125006, -0.196574, -0.88437, 0.423374, -0.002831, -0.332317, -0.346148, -0.877352, -1.2e-05, 0.0, 0.0, 0.0, 1.0],
                [0.925124, -0.305834, -0.224966, -0.125006, -0.184614, -0.880143, 0.437338, -0.002831, -0.331755, -0.36306, -0.870704, -1.2e-05, 0.0, 0.0, 0.0, 1.0],
                [0.924986, -0.307234, -0.223625, -0.125006, -0.175039, -0.866818, 0.466889, -0.002831, -0.337287, -0.392723, -0.855573, -1.2e-05, 0.0, 0.0, 0.0, 1.0],
                [0.922786, -0.316227, -0.22015, -0.125006, -0.169498, -0.846252, 0.505101, -0.002831, -0.346029, -0.428785, -0.83451, -1.2e-05, 0.0, 0.0, 0.0, 1.0],
                [0.920152, -0.32834, -0.213335, -0.125006, -0.166312, -0.820972, 0.546209, -0.002831, -0.354484, -0.467115, -0.810027, -1.2e-05, 0.0, 0.0, 0.0, 1.0],
                [0.922385, -0.331569, -0.198159, -0.125006, -0.159862, -0.794687, 0.585589, -0.002831, -0.351638, -0.508461, -0.786014, -1.2e-05, 0.0, 0.0, 0.0, 1.0],
                [0.93232, -0.319656, -0.16911, -0.125006, -0.151386, -0.769665, 0.620239, -0.002831, -0.328422, -0.552661, -0.765966, -1.2e-05, 0.0, 0.0, 0.0, 1.0],
                [0.948138, -0.293275, -0.122566, -0.125006, -0.144637, -0.741441, 0.655243, -0.002831, -0.283042, -0.603534, -0.745408, -1.2e-05, 0.0, 0.0, 0.0, 1.0],
                [0.967337, -0.246905, -0.057418, -0.125006, -0.140019, -0.709246, 0.690915, -0.002831, -0.211314, -0.660308, -0.720652, -1.2e-05, 0.0, 0.0, 0.0, 1.0],
                [0.982272, -0.186535, 0.018606, -0.125006, -0.142467, -0.678312, 0.72083, -0.002831, -0.121839, -0.710701, -0.692862, -1.2e-05, 0.0, 0.0, 0.0, 1.0],
                [0.98887, -0.119718, 0.088339, -0.125006, -0.145104, -0.644813, 0.75044, -0.002831, -0.032879, -0.754905, -0.655008, -1.2e-05, 0.0, 0.0, 0.0, 1.0],
                [0.989963, -0.031063, 0.137867, -0.125006, -0.128402, -0.605214, 0.785639, -0.002831, 0.059034, -0.795456, -0.603129, -1.2e-05, 0.0, 0.0, 0.0, 1.0],
                [0.98177, 0.085738, 0.169635, -0.125006, -0.091393, -0.569592, 0.81683, -0.002831, 0.166656, -0.817442, -0.551374, -1.2e-05, 0.0, 0.0, 0.0, 1.0],
                [0.959024, 0.200893, 0.199783, -0.125006, -0.060197, -0.544566, 0.836554, -0.002831, 0.276853, -0.814302, -0.51016, -1.2e-05, 0.0, 0.0, 0.0, 1.0],
                [0.935726, 0.275354, 0.220445, -0.125006, -0.047041, -0.521972, 0.851664, -0.002831, 0.349576, -0.807294, -0.475471, -1.2e-05, 0.0, 0.0, 0.0, 1.0],
                [0.928053, 0.309257, 0.20755, -0.125006, -0.037222, -0.477456, 0.877866, -0.002831, 0.370582, -0.822432, -0.431594, -1.2e-05, 0.0, 0.0, 0.0, 1.0],
                [0.92982, 0.320879, 0.180197, -0.125006, -0.026402, -0.430222, 0.902337, -0.002831, 0.367066, -0.843768, -0.391557, -1.2e-05, 0.0, 0.0, 0.0, 1.0],
                [0.927975, 0.334217, 0.164805, -0.125006, -0.018911, -0.399455, 0.916557, -0.002831, 0.372161, -0.853659, -0.364365, -1.2e-05, 0.0, 0.0, 0.0, 1.0],
                [0.920081, 0.355845, 0.163783, -0.125006, -0.016627, -0.382252, 0.923908, -0.002831, 0.391375, -0.852793, -0.345786, -1.2e-05, 0.0, 0.0, 0.0, 1.0],
                [0.912802, 0.376947, 0.157174, -0.125006, -0.008817, -0.366572, 0.930347, -0.002831, 0.408307, -0.850608, -0.331285, -1.2e-05, 0.0, 0.0, 0.0, 1.0],
                [0.899761, 0.409196, 0.151618, -0.125006, -0.00134, -0.34485, 0.938656, -0.002831, 0.43638, -0.844769, -0.309735, -1.2e-05, 0.0, 0.0, 0.0, 1.0],
                [0.883835, 0.443248, 0.149555, -0.125006, 0.001689, -0.322721, 0.946492, -0.002831, 0.467795, -0.83629, -0.285981, -1.2e-05, 0.0, 0.0, 0.0, 1.0],
                [0.871205, 0.466808, 0.15196, -0.125006, -0.002958, -0.304545, 0.952493, -0.002831, 0.490911, -0.830266, -0.263941, -1.2e-05, 0.0, 0.0, 0.0, 1.0],
                [0.862068, 0.482182, 0.156009, -0.125006, -0.011461, -0.289209, 0.957197, -0.002831, 0.506663, -0.826957, -0.243791, -1.2e-05, 0.0, 0.0, 0.0, 1.0],
                [0.857111, 0.490204, 0.158301, -0.125006, -0.017626, -0.279214, 0.960067, -0.002831, 0.514829, -0.825674, -0.230678, -1.2e-05, 0.0, 0.0, 0.0, 1.0],
                [0.859085, 0.486079, 0.160308, -0.125006, -0.021144, -0.279233, 0.95999, -0.002831, 0.511395, -0.828103, -0.229607, -1.2e-05, 0.0, 0.0, 0.0, 1.0],
                [0.868386, 0.46759, 0.165122, -0.125006, -0.026651, -0.288493, 0.957111, -0.002831, 0.495172, -0.835542, -0.238062, -1.2e-05, 0.0, 0.0, 0.0, 1.0],
                [0.881732, 0.440382, 0.16915, -0.125006, -0.031142, -0.30344, 0.952341, -0.002831, 0.470721, -0.844977, -0.253839, -1.2e-05, 0.0, 0.0, 0.0, 1.0],
                [0.895093, 0.410772, 0.173417, -0.125006, -0.035349, -0.322334, 0.945966, -0.002831, 0.444475, -0.852857, -0.273999, -1.2e-05, 0.0, 0.0, 0.0, 1.0],
                [0.909723, 0.375188, 0.177869, -0.125006, -0.042057, -0.342912, 0.938425, -0.002831, 0.413079, -0.861188, -0.296176, -1.2e-05, 0.0, 0.0, 0.0, 1.0],
                [0.92717, 0.329138, 0.178947, -0.125006, -0.049229, -0.366473, 0.929125, -0.002831, 0.37139, -0.870266, -0.32358, -1.2e-05, 0.0, 0.0, 0.0, 1.0],
                [0.944435, 0.276581, 0.177608, -0.125006, -0.055539, -0.398293, 0.915575, -0.002831, 0.323971, -0.874565, -0.360801, -1.2e-05, 0.0, 0.0, 0.0, 1.0],
                [0.958522, 0.224887, 0.175102, -0.125006, -0.062226, -0.434418, 0.898559, -0.002831, 0.278142, -0.872184, -0.402406, -1.2e-05, 0.0, 0.0, 0.0, 1.0],
                [0.969931, 0.176216, 0.167873, -0.125006, -0.066703, -0.470877, 0.879673, -0.002831, 0.23406, -0.864419, -0.444965, -1.2e-05, 0.0, 0.0, 0.0, 1.0],
                [0.979455, 0.129699, 0.15442, -0.125006, -0.067427, -0.51104, 0.856907, -0.002831, 0.190055, -0.849714, -0.491796, -1.2e-05, 0.0, 0.0, 0.0, 1.0],
                [0.986712, 0.085895, 0.137916, -0.125006, -0.067693, -0.55432, 0.829545, -0.002831, 0.147704, -0.827858, -0.541141, -1.2e-05, 0.0, 0.0, 0.0, 1.0],
                [0.992036, 0.040453, 0.119281, -0.125006, -0.071893, -0.59574, 0.799953, -0.002831, 0.103421, -0.802157, -0.588087, -1.2e-05, 0.0, 0.0, 0.0, 1.0],
                [0.99572, -0.010921, 0.091768, -0.125006, -0.077884, -0.633672, 0.76967, -0.002831, 0.049746, -0.773524, -0.631811, -1.2e-05, 0.0, 0.0, 0.0, 1.0],
                [0.996318, -0.067233, 0.05319, -0.125006, -0.084579, -0.669614, 0.737876, -0.002831, -0.013993, -0.739658, -0.672836, -1.2e-05, 0.0, 0.0, 0.0, 1.0],
                [0.992326, -0.122973, 0.012877, -0.125006, -0.096271, -0.703082, 0.704561, -0.002831, -0.077589, -0.700394, -0.709526, -1.2e-05, 0.0, 0.0, 0.0, 1.0],
                [0.985187, -0.170334, -0.019779, -0.125006, -0.113008, -0.731682, 0.672212, -0.002831, -0.128973, -0.660019, -0.740094, -1.2e-05, 0.0, 0.0, 0.0, 1.0],
                [0.97675, -0.210018, -0.043028, -0.125006, -0.133189, -0.751754, 0.645853, -0.002831, -0.167987, -0.625106, -0.762248, -1.2e-05, 0.0, 0.0, 0.0, 1.0],
                [0.967313, -0.247366, -0.055808, -0.125006, -0.158175, -0.760596, 0.629661, -0.002831, -0.198204, -0.600252, -0.774863, -1.2e-05, 0.0, 0.0, 0.0, 1.0],
                [0.959316, -0.276971, -0.054759, -0.125006, -0.183507, -0.759078, 0.624599, -0.002831, -0.214562, -0.589139, -0.779023, -1.2e-05, 0.0, 0.0, 0.0, 1.0],
                [0.953939, -0.295582, -0.051282, -0.125006, -0.201283, -0.757376, 0.62118, -0.002831, -0.22245, -0.582246, -0.781988, -1.2e-05, 0.0, 0.0, 0.0, 1.0],
                [0.947073, -0.315269, -0.060482, -0.125006, -0.213467, -0.759211, 0.614841, -0.002831, -0.239759, -0.569388, -0.786328, -1.2e-05, 0.0, 0.0, 0.0, 1.0],
                [0.936892, -0.340743, -0.078272, -0.125006, -0.226092, -0.76126, 0.607753, -0.002831, -0.266673, -0.551702, -0.790259, -1.2e-05, 0.0, 0.0, 0.0, 1.0],
                [0.927649, -0.361409, -0.094069, -0.125006, -0.237341, -0.765021, 0.598674, -0.002831, -0.288331, -0.533033, -0.79545, -1.2e-05, 0.0, 0.0, 0.0, 1.0],
                [0.920375, -0.375697, -0.108451, -0.125006, -0.246176, -0.772173, 0.585786, -0.002831, -0.303821, -0.512444, -0.803177, -1.2e-05, 0.0, 0.0, 0.0, 1.0],
                [0.913357, -0.388236, -0.122685, -0.125006, -0.252301, -0.776162, 0.577854, -0.002831, -0.319567, -0.496834, -0.806866, -1.2e-05, 0.0, 0.0, 0.0, 1.0],
                [0.90891, -0.395299, -0.132742, -0.125006, -0.255126, -0.778966, 0.572819, -0.002831, -0.329836, -0.486775, -0.808862, -1.2e-05, 0.0, 0.0, 0.0, 1.0],
                [0.908759, -0.394788, -0.135269, -0.125006, -0.255553, -0.782704, 0.567508, -0.002831, -0.329922, -0.48116, -0.81218, -1.2e-05, 0.0, 0.0, 0.0, 1.0],
                [0.909532, -0.392926, -0.135502, -0.125006, -0.255996, -0.786426, 0.562138, -0.002831, -0.327441, -0.476594, -0.815868, -1.2e-05, 0.0, 0.0, 0.0, 1.0],
                [0.9075, -0.395957, -0.140216, -0.125006, -0.258244, -0.789193, 0.55721, -0.002831, -0.331289, -0.469458, -0.818447, -1.2e-05, 0.0, 0.0, 0.0, 1.0],
                [0.902375, -0.404031, -0.149927, -0.125006, -0.262203, -0.790828, 0.553026, -0.002831, -0.342007, -0.459726, -0.819563, -1.2e-05, 0.0, 0.0, 0.0, 1.0],
                [0.896537, -0.412917, -0.160374, -0.125006, -0.266511, -0.791994, 0.549287, -0.002831, -0.353826, -0.449715, -0.8201, -1.2e-05, 0.0, 0.0, 0.0, 1.0],
                [0.892021, -0.419358, -0.168631, -0.125006, -0.269898, -0.793458, 0.545507, -0.002831, -0.362565, -0.44109, -0.820966, -1.2e-05, 0.0, 0.0, 0.0, 1.0],
                [0.890965, -0.420014, -0.172537, -0.125006, -0.27002, -0.795577, 0.542352, -0.002831, -0.365062, -0.436628, -0.822244, -1.2e-05, 0.0, 0.0, 0.0, 1.0],
                [0.890255, -0.420077, -0.176011, -0.125006, -0.269712, -0.797631, 0.539481, -0.002831, -0.367015, -0.432804, -0.823396, -1.2e-05, 0.0, 0.0, 0.0, 1.0],
                [0.889627, -0.42033, -0.178563, -0.125006, -0.269835, -0.799242, 0.537028, -0.002831, -0.368444, -0.429572, -0.824449, -1.2e-05, 0.0, 0.0, 0.0, 1.0],
                [0.889549, -0.420306, -0.17901, -0.125006, -0.269594, -0.799309, 0.53705, -0.002831, -0.36881, -0.429472, -0.824338, -1.2e-05, 0.0, 0.0, 0.0, 1.0]
            ]
        },
        {
            "name": "Leg_L",
            "time": [0.0333, 0.0667, 0.1, 0.1333, 0.1667, 0.2, 0.2333, 0.2667, 0.3, 0.3333, 0.3667, 0.4, 0.4333, 0.4667, 0.5, 0.5333, 0.5667, 0.6, 0.6333, 0.6667, 0.7, 0.7333, 0.7667, 0.8, 0.8333, 0.8667, 0.9, 0.9333, 0.9667, 1.0, 1.0333, 1.0667, 1.1, 1.1333, 1.1667, 1.2, 1.2333, 1.2667, 1.3, 1.3333, 1.3667, 1.4, 1.4333, 1.4667, 1.5, 1.5333, 1.5667, 1.6, 1.6333, 1.6667, 1.7, 1.7333, 1.7667, 1.8, 1.8333, 1.8667, 1.9, 1.9333, 1.9667, 2.0, 2.0333, 2.0667, 2.1, 2.1333, 2.1667, 2.2, 2.2333, 2.2667, 2.3, 2.3333],
            "transform": [
                [0.972804, 0.17417, 0.152695, 0.0, -0.23096, 0.679398, 0.696474, 0.37472, 0.017564, -0.712799, 0.701148, -0.0, 0.0, 0.0, 0.0, 1.0],
                [0.972629, 0.173692, 0.154348, -0.0, -0.231778, 0.678123, 0.697444, 0.37472, 0.016473, -0.714129, 0.699821, -0.0, 0.0, 0.0, 0.0, 1.0],
                [0.972766, 0.173053, 0.154206, 0.0, -0.231191, 0.676563, 0.699152, 0.37472, 0.01666, -0.715762, 0.698146, -0.0, 0.0, 0.0, 0.0, 1.0],
                [0.97496, 0.17184, 0.141152, -0.0, -0.220885, 0.674838, 0.704134, 0.37472, 0.025744, -0.71768, 0.695897, -0.0, 0.0, 0.0, 0.0, 1.0],
                [0.979139, 0.172235, 0.107807, -0.0, -0.196969, 0.674232, 0.711769, 0.37472, 0.049904, -0.718155, 0.694092, 0.0, 0.0, 0.0, 0.0, 1.0],
                [0.982275, 0.175736, 0.06521, 0.0, -0.167934, 0.670517, 0.722637, 0.37472, 0.083269, -0.72078, 0.688145, 0.0, 0.0, 0.0, 0.0, 1.0],
                [0.983042, 0.182469, 0.01828, -0.0, -0.136887, 0.66381, 0.735268, 0.37472, 0.122029, -0.725301, 0.677531, -0.0, 0.0, 0.0, 0.0, 1.0],
                [0.981047, 0.19167, -0.028433, 0.0, -0.105473, 0.651326, 0.751432, 0.37472, 0.162547, -0.734191, 0.659199, -0.0, 0.0, 0.0, 0.0, 1.0],
                [0.978113, 0.198077, -0.06372, -0.0, -0.077683, 0.631723, 0.771292, 0.37472, 0.193029, -0.74946, 0.633284, -0.0, 0.0, 0.0, 0.0, 1.0],
                [0.976335, 0.198225, -0.086464, -0.0, -0.052233, 0.60412, 0.79518, 0.37472, 0.209859, -0.771845, 0.600178, -0.0, 0.0, 0.0, 0.0, 1.0],
                [0.97593, 0.196166, -0.095287, 0.0, -0.034077, 0.568727, 0.821821, 0.37472, 0.215406, -0.798792, 0.561722, 0.0, 0.0, 0.0, 0.0, 1.0],
                [0.977041, 0.192253, -0.091816, -0.0, -0.024335, 0.528834, 0.848377, 0.37472, 0.211658, -0.826664, 0.521371, -0.0, 0.0, 0.0, 0.0, 1.0],
                [0.979538, 0.184809, -0.079692, -0.0, -0.021027, 0.487778, 0.872715, 0.37472, 0.200158, -0.853181, 0.481683, 0.0, 0.0, 0.0, 0.0, 1.0],
                [0.982248, 0.175576, -0.066042, 0.0, -0.020851, 0.452068, 0.89174, 0.37472, 0.186424, -0.874532, 0.447705, -0.0, 0.0, 0.0, 0.0, 1.0],
                [0.985337, 0.163411, -0.049068, 0.0, -0.026139, 0.428769, 0.903036, 0.37472, 0.168605, -0.888512, 0.426754, 0.0, 0.0, 0.0, 0.0, 1.0],
                [0.989772, 0.141232, -0.020104, -0.0, -0.040714, 0.414725, 0.909036, 0.37472, 0.136722, -0.89892, 0.416233, -0.0, 0.0, 0.0, 0.0, 1.0],
                [0.994231, 0.105772, 0.017811, -0.0, -0.058607, 0.396625, 0.916108, 0.37472, 0.089835, -0.911866, 0.400537, 0.0, 0.0, 0.0, 0.0, 1.0],
                [0.996494, 0.059592, 0.058726, 0.0, -0.076948, 0.377214, 0.922924, 0.37472, 0.032846, -0.924207, 0.380477, -0.0, 0.0, 0.0, 0.0, 1.0],
                [0.992431, 0.009736, 0.122419, -0.0, -0.117192, 0.373032, 0.920388, 0.37472, -0.036706, -0.927767, 0.37135, 0.0, 0.0, 0.0, 0.0, 1.0],
                [0.973624, -0.034105, 0.225594, -0.0, -0.195908, 0.381834, 0.903229, 0.37472, -0.116944, -0.923601, 0.365082, 0.0, 0.0, 0.0, 0.0, 1.0],
                [0.933949, -0.066807, 0.351106, -0.0, -0.297547, 0.398893, 0.867381, 0.37472, -0.198, -0.91456, 0.352668, -0.0, 0.0, 0.0, 0.0, 1.0],
                [0.883955, -0.090402, 0.458749, -0.0, -0.385125, 0.415599, 0.823988, 0.37472, -0.265146, -0.905044, 0.332556, -0.0, 0.0, 0.0, 0.0, 1.0],
                [0.841856, -0.108974, 0.528587, -0.0, -0.439676, 0.429513, 0.788799, 0.37472, -0.312993, -0.896461, 0.313675, 0.0, 0.0, 0.0, 0.0, 1.0],
                [0.806117, -0.112185, 0.581025, -0.0, -0.480632, 0.448657, 0.753459, 0.37472, -0.345208, -0.886635, 0.307751, -0.0, 0.0, 0.0, 0.0, 1.0],
