{
    "animation": [
        {
            "name": "Root",
            "time": [0.0, 0.4167],
            "transform": [
                [1.0, 0.0, -0.0, -5e-06, -0.0, 0.0, -1.0, 0.000946, 0.0, 1.0, 0.0, 0.763972, 0.0, 0.0, 0.0, 1.0],
                [1.0, 0.0, -0.0, -5e-06, -0.0, 0.0, -1.0, 0.000946, 0.0, 1.0, 0.0, 0.763972, 0.0, 0.0, 0.0, 1.0]
            ]
        },
        {
            "name": "Thigh_R",
            "time": [0.0, 0.4167],
            "transform": [
                [1.0, 5.4e-05, -0.0, 0.124994, 5.4e-05, -0.998811, 0.048758, -0.002831, 2e-06, -0.048756, -0.998772, -1.2e-05, 0.0, 0.0, 0.0, 1.0],
                [0.859866, 0.024938, 0.509891, 0.124994, 5.4e-05, -0.998811, 0.048757, -0.002831, 0.51052, -0.041896, -0.858812, -1.2e-05, 0.0, 0.0, 0.0, 1.0]
            ]
        },
        {
            "name": "Leg_R",
            "time": [0.0, 0.4167],
            "transform": [
                [1.0, -0.000109, -0.00012, -0.0, 0.00012, 0.995249, 0.097368, 0.375166, 0.000109, -0.097363, 0.995249, 0.0, 0.0, 0.0, 0.0, 1.0],
                [1.0, -0.000109, -0.00012, -0.0, 0.00012, 0.995249, 0.097368, 0.375166, 0.000109, -0.097363, 0.995249, 0.0, 0.0, 0.0, 0.0, 1.0]
            ]
        },
        {
            "name": "Knee_R",
            "time": [0.0, 0.4167],
            "transform": [
                [1.0, -5.7e-05, 5.4e-05, -0.0, 5.7e-05, 0.048757, -0.998811, 0.375166, 5.4e-05, 0.998811, 0.048757, 0.0, 0.0, 0.0, 0.0, 1.0],
                [1.0, -5.7e-05, 5.4e-05, -0.0, 5.7e-05, 0.048757, -0.998811, 0.375166, 5.4e-05, 0.998811, 0.048757, 0.0, 0.0, 0.0, 0.0, 1.0]
            ]
        },
        {
            "name": "Thigh_L",
            "time": [0.0, 0.4167],
            "transform": [
                [1.0, 1e-06, 2.2e-05, -0.125006, -0.0, -0.998811, 0.048758, -0.002831, 2.2e-05, -0.048757, -0.998764, -1.2e-05, 0.0, 0.0, 0.0, 1.0],
                [0.984824, -0.008462, -0.173342, -0.125006, -0.0, -0.998811, 0.048758, -0.002831, -0.173557, -0.048017, -0.983606, -1.2e-05, 0.0, 0.0, 0.0, 1.0]
            ]
        },
        {
            "name": "Leg_L",
            "time": [0.0, 0.4167],
            "transform": [
                [1.0, 0.0, 1e-06, 0.0, -0.0, 0.995249, 0.097371, 0.375166, -1e-06, -0.097365, 0.995249, -0.0, 0.0, 0.0, 0.0, 1.0],
                [1.0, 0.0, 1e-06, 0.0, -0.0, 0.995249, 0.097371, 0.375166, -1e-06, -0.097365, 0.995249, 0.0, 0.0, 0.0, 0.0, 1.0]
            ]
        },
        {
            "name": "Knee_L",
            "time": [0.0, 0.4167],
            "transform": [
                [1.0, 0.0, -0.0, 0.0, -0.0, 0.048757, -0.998811, 0.375166, -0.0, 0.998811, 0.048757, -0.0, 0.0, 0.0, 0.0, 1.0],
                [1.0, 0.0, -0.0, 0.0, -0.0, 0.048757, -0.998811, 0.375166, -0.0, 0.998811, 0.048757, 0.0, 0.0, 0.0, 0.0, 1.0]
            ]
        },
        {
            "name": "Torso",
            "time": [0.0, 0.4167],
            "transform": [
                [1.0, 0.0, 0.0, 0.0, 0.0, 0.99826, -0.058959, 0.05, -0.0, 0.058959, 0.99826, 0.0, 0.0, 0.0, 0.0, 1.0],
                [1.0, 0.0, 0.0, 0.0, 0.0, 0.99826, -0.058959, 0.05, -0.0, 0.058959, 0.99826, 0.0, 0.0, 0.0, 0.0, 1.0]
            ]
        },
        {
            "name": "Chest",
            "time": [0.0, 0.4167],
            "transform": [
                [1.0, 0.0, 0.0, 0.0, -0.0, 0.994673, 0.103077, 0.300523, 0.0, -0.103077, 0.994673, -0.0, 0.0, 0.0, 0.0, 1.0],
                [1.0, 0.0, 0.0, 0.0, -0.0, 0.994673, 0.103077, 0.300523, 0.0, -0.103077, 0.994673, -0.0, 0.0, 0.0, 0.0, 1.0]
            ]
        },
        {
            "name": "Head",
            "time": [0.0, 0.4167],
            "transform": [
                [1.0, -0.0, -0.0, -0.0, -0.0, 0.999043, -0.043733, 0.400392, 0.0, 0.043733, 0.999043, -0.0, 0.0, 0.0, 0.0, 1.0],
                [1.0, -0.0, -0.0, -0.0, -0.0, 0.999043, -0.043733, 0.400392, 0.0, 0.043733, 0.999043, -0.0, 0.0, 0.0, 0.0, 1.0]
            ]
        },
        {
            "name": "Shoulder_R",
            "time": [0.0, 0.4167],
            "transform": [
                [-0.0, 0.952114, 0.305743, -0.0, -0.044253, -0.305444, 0.951181, 0.400392, 0.99902, -0.01353, 0.042134, -0.0, 0.0, 0.0, 0.0, 1.0],
                [-0.0, 0.952114, 0.305743, -0.0, -0.044253, -0.305444, 0.951181, 0.400392, 0.99902, -0.01353, 0.042134, -0.0, 0.0, 0.0, 0.0, 1.0]
            ]
        },
        {
            "name": "Arm_R",
            "time": [0.0, 0.4167],
            "transform": [
                [0.0, 0.060811, -0.99815, -0.0, 0.952114, 0.305178, 0.018593, 0.39386, 0.305743, -0.950352, -0.057898, 0.0, 0.0, 0.0, 0.0, 1.0],
                [-0.00078, -0.997613, -0.069046, -0.0, 0.9191, 0.02649, -0.393134, 0.39386, 0.394025, -0.063767, 0.916885, 0.0, 0.0, 0.0, 0.0, 1.0]
            ]
        },
        {
            "name": "Hand_R",
            "time": [0.0, 0.4167],
            "transform": [
                [1.0, -0.0, 0.0, -0.0, 0.0, 0.771011, -0.636822, 0.300557, 0.0, 0.636822, 0.771011, -0.0, 0.0, 0.0, 0.0, 1.0],
                [1.0, -0.0, -0.0, 0.0, 0.0, 0.975105, -0.221744, 0.300556, 0.0, 0.221744, 0.975105, 0.0, 0.0, 0.0, 0.0, 1.0]
            ]
        },
        {
            "name": "Tool_R",
            "time": [0.0, 0.4167],
            "transform": [
                [1.0, -2.8e-05, 2.8e-05, 0.004854, -6e-06, -0.812307, -0.58321, 0.283696, 3.9e-05, 0.58323, -0.812275, 0.000254, 0.0, 0.0, 0.0, 1.0],
                [0.99556, 0.094112, -0.001395, 0.004854, -0.015224, 0.146388, -0.989073, 0.283696, -0.092883, 0.98474, 0.147168, 0.000254, 0.0, 0.0, 0.0, 1.0]
            ]
        },
        {
            "name": "Elbow_R",
            "time": [0.0, 0.4167],
            "transform": [
                [-1.0, 0.0, -0.0, -0.0, 0.0, 0.060811, -0.998149, 0.300557, -0.0, -0.998149, -0.06081, -0.0, 0.0, 0.0, 0.0, 1.0],
                [-1.0, 0.0, -0.0, 0.0, 0.0, 0.060811, -0.998149, 0.300556, -0.0, -0.998149, -0.06081, 0.0, 0.0, 0.0, 0.0, 1.0]
            ]
        },
        {
            "name": "Shoulder_L",
            "time": [0.0, 0.4167],
            "transform": [
                [0.0, -0.952114, -0.305743, -0.0, 0.044253, -0.305444, 0.951181, 0.400392, -0.99902, -0.01353, 0.042134, -0.0, 0.0, 0.0, 0.0, 1.0],
                [0.0, -0.952114, -0.305743, -0.0, 0.044253, -0.305444, 0.951181, 0.400392, -0.99902, -0.01353, 0.042134, -0.0, 0.0, 0.0, 0.0, 1.0]
            ]
        },
        {
            "name": "Arm_L",
            "time": [0.0, 0.4167],
            "transform": [
                [-3e-05, -0.060811, 0.998149, -0.0, -0.952124, 0.305149, 0.018562, 0.39386, -0.305713, -0.950361, -0.057908, -0.0, 0.0, 0.0, 0.0, 1.0],
                [-3e-05, -0.060811, 0.998149, -0.0, -0.952124, 0.305149, 0.018562, 0.39386, -0.305713, -0.950361, -0.057908, -0.0, 0.0, 0.0, 0.0, 1.0]
            ]
        },
        {
            "name": "Hand_L",
            "time": [0.0, 0.4167],
            "transform": [
                [1.0, -3.4e-05, -2.8e-05, 0.0, 3e-05, 0.991294, -0.131669, 0.300557, 3.2e-05, 0.131669, 0.991294, -0.0, 0.0, 0.0, 0.0, 1.0],
                [1.0, -3.4e-05, -2.8e-05, 0.0, 3e-05, 0.991294, -0.131669, 0.300557, 3.2e-05, 0.131669, 0.991294, -0.0, 0.0, 0.0, 0.0, 1.0]
            ]
        },
        {
            "name": "Tool_L",
            "time": [0.0, 0.4167],
            "transform": [
                [1.0, 0.0, -0.0, -9e-06, 0.0, -0.997928, -0.064338, 0.271975, -0.0, 0.064338, -0.99789, 0.001148, 0.0, 0.0, 0.0, 1.0],
                [1.0, 0.0, -0.0, -9e-06, 0.0, -0.997928, -0.064338, 0.271975, -0.0, 0.064338, -0.99789, 0.001148, 0.0, 0.0, 0.0, 1.0]
            ]
        },
        {
            "name": "Elbow_L",
            "time": [0.0, 0.4167],
            "transform": [
                [-1.0, 3e-05, 3.2e-05, 0.0, -3e-05, 0.060811, -0.998149, 0.300557, -3.2e-05, -0.99815, -0.060811, -0.0, 0.0, 0.0, 0.0, 1.0],
                [-1.0, 3e-05, 3.2e-05, 0.0, -3e-05, 0.060811, -0.998149, 0.300557, -3.2e-05, -0.99815, -0.060811, -0.0, 0.0, 0.0, 0.0, 1.0]
            ]
        },
        {
            "name": "IKThigh_R",
            "time": [0.0, 0.4167],
            "transform": [
                [1.0, 5.4e-05, -0.0, 0.124994, 5.4e-05, -0.998811, 0.048758, -0.002831, 2e-06, -0.048756, -0.998772, -1.2e-05, 0.0, 0.0, 0.0, 1.0],
                [0.859866, 0.024938, 0.509891, 0.124994, 5.4e-05, -0.998811, 0.048757, -0.002831, 0.51052, -0.041896, -0.858812, -1.2e-05, 0.0, 0.0, 0.0, 1.0]
            ]
        },
        {
            "name": "IKLeg_R",
            "time": [0.0, 0.4167],
            "transform": [
                [1.0, -0.000109, -0.00012, -0.0, 0.00012, 0.995249, 0.097368, 0.375166, 0.000109, -0.097363, 0.995249, 0.0, 0.0, 0.0, 0.0, 1.0],
                [1.0, -0.000109, -0.00012, -0.0, 0.00012, 0.995249, 0.097368, 0.375166, 0.000109, -0.097363, 0.995249, 0.0, 0.0, 0.0, 0.0, 1.0]
            ]
        }
    ]
}